41.8156914669382;35.0114722446567;78.74556883805461;0
14.607906606309061;99.7939470157207;3.199012696393011;1
31.540533306626205;11.503224853691151;55.503306776120574;2
8.457058847583221;62.78385172472585;64.11629547554779;3
17.877458417760895;18.286268937393412;96.91121523675541;4
84.26529843188236;64.76456758329543;69.97289505650551;5
35.9540952094687;6.196740367637943;49.02245533407578;6
7.809096372560598;76.40666253430233;2.946266977225187;7
54.94334758600251;79.36672232433287;65.63888758372616;8
9.744414592741213;34.81710968713908;61.35148398601078;9
63.81615723505225;41.37952629428451;21.178076560676928;10
12.13775303698248;88.12127745633686;11.23474904400944;11
77.74689682508816;22.630639525061525;2.773831325125864;12
0.764679186235484;54.42973055026076;95.07320316471748;13
7.051543294701523;78.10860732314893;97.74939677828627;14
5.549558321705527;8.698913285853859;74.36189840041128;15
91.88501758299009;60.35656771214302;72.12860893863558;16
70.22566368731661;14.051726130624044;89.96443010253063;17
85.15013704222596;93.60488259296524;85.1931264362763;18
22.79071529894896;1.7470759056645413;79.74223751764238;19
52.884036327554455;74.8275644785221;21.838771966567105;20
29.02931600207459;68.72501876458882;15.007681956809071;21
95.72600146702072;83.34376314912929;59.50893830510401;22
71.58582609806255;80.55779737525019;15.245172479671599;23
8.901847946944507;75.54053036143415;75.24385699511562;24
0.27330831407046396;61.66192914034549;79.34373157023172;25
46.01677515030257;88.1875626009768;16.700797999691062;26
63.96871855258025;25.281129940206615;43.59588581440882;27
96.11681434031425;23.97722021373172;62.355988774483976;28
77.43329437929567;6.84761461797253;92.2323114425055;29
31.10328208095985;81.47699251415686;61.330016678915136;30
73.50197878157823;40.849105422218514;63.43609618689231;31
53.751981037429644;74.26711260140249;90.81935032048332;32
68.50848084774286;14.438413327791766;22.398311602239563;33
94.4700649497599;13.440135242160146;44.19457210657792;34
51.25033482018826;54.88771890213362;54.43347897511613;35
48.81018563743119;89.81404032702007;44.715262746483155;36
58.132270816514264;63.58266362609428;96.0993769509802;37
23.14806132118732;85.39453449318323;71.59729105325425;38
0.5629205901875101;74.39846988085056;76.21852871833927;39
51.22661096429532;13.142173420044411;83.54000099856962;40
37.04304091284708;84.62058424784868;66.19982173044866;41
65.92697919319959;67.00127448637025;18.321294538474543;42
54.9827534346509;73.41559187881722;83.8740845327518;43
44.19316376756021;93.33613069259941;27.015526855946415;44
90.8551537282103;72.12139001216698;75.88172566256513;45
77.56618980412725;55.6514848278739;0.8010172379513625;46
92.50445976465664;70.1324715020385;89.04654199277421;47
8.138563421172208;18.650471116747635;90.80107299939591;48
78.41634656682352;57.0318778486614;98.40800961291039;49
39.01754808776828;69.55818004277293;17.069214921017917;50
39.627623018513056;44.76004212537137;5.2387234602074395;51
17.41778438329541;56.343523753532374;90.99318146963513;52
3.2257333234266716;48.67270233869839;37.015362514003705;53
35.144778316559766;80.30425793564791;92.29510263229778;54
70.7451693875796;47.70875122694274;37.02799429876419;55
99.15703539427206;34.34275910962123;18.437363421207564;56
38.38030666992933;68.21067000164038;47.56095845812083;57
8.284220969770129;32.04276707633157;82.84250472752292;58
89.8128685257431;43.03588584357876;48.199264422021606;59
54.55064175794736;43.424554011820234;36.61102285674278;60
66.66169642027519;59.449052311475235;69.5576502757256;61
29.569562141292693;29.535930188314097;54.61691313958218;62
76.04207192200248;51.473865881995074;87.76946756311193;63
35.90943747482572;72.02319563821189;93.65261728393457;64
81.37032722861493;31.099940401604375;19.033608870103613;65
25.18826671726584;0.6307297750849039;83.66360305214708;66
36.606068475951844;37.81259478349781;22.790693899378176;67
67.74900081594728;36.815935821060904;18.940215872062115;68
57.063884544123574;43.694302321077046;24.250234977509056;69
88.98257199594102;21.910288272395384;84.80382216203634;70
96.30339137938347;33.866448447289386;41.53973992522172;71
0.7095821213942033;38.23261425035279;13.198473160169888;72
77.38976486306512;19.594680128052055;9.322912360354929;73
79.42976750554361;87.5153027273334;87.00627059024629;74
98.06130915551823;46.85588551703405;1.666025619875744;75
51.951306809869166;55.65084693307498;4.37273844045567;76
57.338350836032205;60.12222726552561;66.34553236754765;77
66.75558286353083;83.69765754398716;25.761306306044496;78
43.435088404303016;30.528503217181857;15.422680023196666;79
19.968085719077212;40.41592219198616;99.46520684147053;80
30.695272169902132;92.13909196094941;75.287990863462;81
89.19074856332662;36.05472680426873;98.38297193784639;82
88.5950492981632;17.00187453365729;71.16871927046593;83
25.01215130515516;89.62027126632542;17.587618999215128;84
64.47802521934506;58.619853186721095;91.49634393897382;85
74.2463147009031;22.54491416228477;96.50933192539706;86
75.19197845465696;29.093949339250756;5.4275090015933225;87
63.91887951004207;63.774597836493605;9.143479467377013;88
3.5562984063548964;52.10258985991154;52.70497289575415;89
97.38503374170712;46.19517573236502;63.11804825716886;90
24.882269746083765;17.374336320706263;36.06165316900385;91
14.163735524267363;9.776546689769583;43.14831173663002;92
7.921168529737043;68.46446999890492;39.52473718771543;93
41.17620603775175;36.34213707076458;33.5683307219975;94
89.06890340588338;60.518510188967454;54.68244953942243;95
60.08377925398246;43.02740638420764;2.5900853842307225;96
52.96779863629413;15.044337847634804;37.698749805771335;97
92.99486960787019;32.72812146095399;83.56592812525179;98
61.5749284793789;57.668512606360835;20.706249945449716;99
97.88230397175423;54.95643057662186;23.201984890605644;100
8.073009650627627;34.30498994333486;97.71169385822486;101
81.84743824023457;17.950486857961955;31.75173783064238;102
25.03958951583558;65.2762620983144;1.4716089869519444;103
41.88978062175256;10.392815980716518;87.81099529547984;104
35.273522244505884;95.36793982019861;99.9357533092214;105
14.129964551269802;21.715115161565546;48.82644319012098;106
40.66631496424067;88.12028357071944;1.0117111504508114;107
48.67074663181271;78.33454228912646;7.291297644115691;108
35.872869635997354;16.381406072771632;69.41849519912748;109
75.85335161651379;14.562180696411108;39.667149489900275;110
58.28844863073827;90.27422613289215;26.206756877066294;111
16.847075748340302;43.14586353528254;60.34551763292257;112
22.309222195937984;84.67585415820437;31.511424846842207;113
39.11583056591943;69.33095102919174;55.5945288253607;114
33.97567737389116;30.4999154149992;74.39528913508121;115
34.024662312695185;88.10290981814559;48.97096809866377;116
92.103414691418;77.96164008126212;85.86438191300766;117
60.08535646121095;66.7543777835185;17.528354977766814;118
98.37928474320069;18.754744218392094;85.80449248588914;119
28.71381802430334;90.42994923356362;2.8390291533883616;120
24.597773039293592;24.02537152837607;53.235030491636174;121
67.41857609002797;92.7009114605307;78.45560016699065;122
61.567968081136456;33.01430799403955;71.71905432439807;123
9.339313550695538;51.127563293181375;55.963713327241585;124
60.72610436801013;86.36541924495921;43.007038615360656;125
34.97241274929319;3.3811207444021774;19.62926351398143;126
78.79748736510416;45.35089179972853;74.73206072170461;127
91.90428948672647;89.16960532204507;94.96519207486685;128
70.13957937289143;51.98050272918381;89.44617930528022;129
91.17969610440711;45.310033398756325;11.088380221853766;130
91.2696866243955;71.90998957917701;25.151894335935022;131
7.3968725551065155;38.36459074666473;62.88496789145033;132
41.20596085129882;79.9975693338908;19.184093211471918;133
11.879467980403113;4.901935869475738;5.141246738456717;134
83.66843095598281;86.28974781085202;89.4266879427528;135
36.500488206361496;19.066270824085898;79.68945752711821;136
82.03423256336959;1.4115636727860092;79.85746289461912;137
70.48698888550065;71.30712699008461;95.3389900223512;138
43.213773947566594;20.981785621741444;55.05460288589076;139
21.03009047135147;83.45057112646234;31.091776567776275;140
87.70190484514463;16.79132452799026;81.2981872372013;141
2.5083164976595573;8.495481575808872;85.79844156631104;142
14.762737905182554;52.36411982790412;23.7777758293798;143
86.15755933670317;26.40171891528108;21.892795886381567;144
70.61686376746525;14.825342271248887;34.27729242795736;145
90.0282919534301;32.56046548383448;71.69495827595276;146
78.12464632909972;59.76688218349221;18.31120123034382;147
19.618696051925642;69.92009512956813;14.865249887544362;148
4.102285371665526;27.0355041340686;15.519655681997701;149
43.54972832633109;14.625948206613003;3.197848331963027;150
92.15908987382717;23.756604977560304;44.39024599042155;151
7.809489188512941;53.1153281996213;66.61843516170964;152
11.171809532869215;45.42989229255372;57.83254478431253;153
16.408699058583785;51.97577176135344;62.03857600075009;154
33.850023582577215;16.36313318239859;76.90611582482731;155
7.307539274377106;67.58554374841803;80.08896999646097;156
96.88497981647195;1.0601139617181121;36.74285228307416;157
70.88141120951222;56.383225048675335;45.246093168524816;158
13.215147475905741;45.661772874327475;98.7313409474364;159
39.80680322382987;23.164985077624845;67.63280866613587;160
96.86425053808989;64.64045943980764;36.70002051473814;161
5.774275218445468;57.89647027508589;56.36472434725894;162
82.72957618026338;30.012508755462243;74.33310878571652;163
57.0300348638199;78.49690813893501;91.49944336739071;164
98.36996386370748;27.641046645038703;29.07851044967287;165
90.11926516018906;29.30427057796313;84.59361939442263;166
59.86145014775869;54.37608398076754;55.41079898241759;167
68.65824547226663;54.17217778989151;31.627495192135324;168
15.40820269526354;15.63513799380929;28.499833482744375;169
19.44141359738144;9.394075019992176;25.193394347664587;170
2.0798599992133737;69.5834303898218;35.675041449487686;171
64.16749694864777;95.08572953640197;2.525222137920924;172
79.67517285552218;82.89524368429304;27.181248458633934;173
72.87745040992971;67.8422215645221;55.68199476852822;174
12.774307805436925;53.27341453385919;92.01042087395292;175
18.320578407166565;9.727114157446625;41.3031851766937;176
61.193901467263686;44.00268953621321;27.66151361618473;177
54.05960882125874;58.271851753094886;36.588559561008836;178
17.910168498589783;69.15972225225708;31.06792051989996;179
22.255689802174793;77.37363870360583;32.0221161997967;180
50.966944222887086;41.13381066763745;90.13829896352657;181
7.063458400626899;29.064081883698513;37.985800146997775;182
36.79638568930576;16.338077166881682;17.500828142997694;183
36.76285109112513;59.27412055795741;81.9425215538936;184
89.26832168808417;88.91856013633382;96.6237210375401;185
8.868592281858746;72.04789108644056;65.47301571341276;186
49.03632400973571;96.58172184050932;61.3114155688047;187
4.498208066739096;57.32985727159841;55.18947132079022;188
54.42735171426089;93.65360833126768;64.36820172072277;189
94.20177132781153;67.31962158363729;29.518549968288845;190
19.088790195160843;91.45221368780935;95.3263046150638;191
24.592705275657558;15.237387473526764;97.4596093667393;192
26.73652825536831;83.80886240950677;23.59162121519669;193
56.193354456724656;77.19362362785432;51.804591564163495;194
50.55416263624056;25.206204853674087;8.623966440751808;195
21.572104412976056;17.658221546158615;29.441474843943116;196
11.679615181119718;1.8931268372543886;88.90581012022002;197
13.656164578336716;94.43903676240805;27.34583883546322;198
34.632404236516024;24.963585300302384;75.2856880196781;199
7.2207005174455885;57.62965099752352;25.247145275840467;200
26.232958821429055;21.604693715628876;0.6940315537594333;201
8.542503369760423;25.845307605591106;38.383772615236566;202
59.40791328822469;62.24797959859577;41.37914161522048;203
50.4214018969825;38.10563655488465;55.94427085400389;204
37.311687872606456;57.18529039162708;61.693365723801655;205
22.311374621431035;33.263985077410666;9.645254049384477;206
75.05913356476412;14.965643717424548;53.198100901412516;207
38.11992622135393;94.2855693127681;11.235659685619503;208
43.73051382566603;83.1041721588375;54.79157917992894;209
32.70985011257351;65.51286813517578;88.95187058815164;210
1.0459694320999913;65.88019359710587;34.98256170244309;211
82.93529207510335;36.32177015422493;72.55614506983446;212
29.959667689025892;54.480679756511854;49.04671082598367;213
60.37942003795024;60.629671478014714;99.8700561451901;214
9.49573663358838;4.914483549788217;36.384828319481024;215
76.5766483298225;25.86641154725563;41.390874085200316;216
69.38678552983457;80.51921281841331;68.47165141387049;217
87.49835329761314;4.337192237667908;23.616506917686408;218
86.54146794155857;48.77427077215868;98.56627841982295;219
75.17021155620873;46.09122370785206;21.439550383099217;220
43.5565790137543;77.95118251665814;88.86714392449568;221
75.91056040080484;79.80542113760161;87.1711554489787;222
33.86244179638715;11.07302456460374;91.93628967775952;223
8.043132017990228;18.2638114613641;28.05098301361838;224
43.24695978713209;0.9917046673064367;58.6573699003022;225
83.9001277822587;34.968503591288126;27.25617424334279;226
14.71757352624008;69.53371554261794;30.194209733443078;227
29.02929768759487;47.997207055180326;42.85390819316128;228
49.04481217724441;71.88440862321956;7.240669622403583;229
52.16908209939341;82.53737619173181;61.48238499066054;230
75.91602439793354;82.35228823239413;9.639968916640562;231
42.60133630375066;0.33726292522359147;70.0577033029107;232
4.061700874355179;34.43907934079231;44.649976506601874;233
59.70594994861897;63.09442474559355;19.878524254567665;234
80.94177711867364;87.50109493536375;38.55521679811517;235
48.53249647513819;73.30040019331247;2.77347889249967;236
54.418483607441516;91.763457527907;44.236015657701685;237
96.80476300771814;20.223385290465135;80.47436614255783;238
61.388355971626055;39.66617578378452;17.92284821316383;239
70.97833133771249;58.768538975052294;7.409604472361043;240
73.84398311761782;43.52460408066978;13.92954811132614;241
80.7036500268795;29.819358900276427;97.11271421346623;242
13.546867629569604;86.59892876536168;77.00425627196874;243
21.82673384091416;64.25813195954208;4.351440130052364;244
40.90808036270407;63.84646492812392;89.44313330604965;245
5.335384782508323;13.777118326748983;14.448851221754932;246
36.545800110965466;12.295259917426604;29.768101425323547;247
53.44104187889482;9.02877375183464;25.84255840322467;248
35.01533815321176;72.79829310154156;87.67902668903363;249
22.355763886887015;18.254698188046113;1.7449161377721678;250
12.994109429323409;75.33608942531508;63.19715873538955;251
6.183174228811572;9.047325869548795;70.41873951287158;252
99.48114046215427;53.384749527982024;5.9708659968140125;253
79.92613717789465;27.076812532293935;38.275764005246685;254
2.2264776502061823;86.56371257867441;98.974540663332;255
43.15879795151029;37.3310316826292;8.476206773278339;256
8.491087473079851;26.05220058159562;33.17257752426448;257
63.82442494009136;26.86205723045285;47.675652346893074;258
33.97891688582849;18.717720782652446;30.051500035194533;259
26.402436765290393;27.47263464251547;20.627992293482222;260
39.4387339560448;66.91679258785248;31.64024593381424;261
50.64583644327423;27.749610852714447;43.49827480777495;262
48.170078086777124;66.09570357141212;66.97686471186225;263
77.05461111249718;25.78942546597469;68.6553468524305;264
66.67850311613299;24.90935538871806;10.629248587779493;265
77.0659503626206;64.80498517323366;99.15745159699509;266
39.48572510073952;30.326867278780455;41.35531584217964;267
99.57605402651166;46.58704241238556;50.55653817802311;268
88.04289808601527;16.501796201018326;97.25586763514292;269
70.43755933909218;3.924380617669476;54.67618464163617;270
24.15783837488731;23.951995304263075;15.074252716915638;271
38.13122659022397;32.309462660082524;78.23996488444882;272
78.4411124182706;18.551813972073905;77.18664610705926;273
4.673963019119931;93.24995799631499;73.80008408080916;274
28.002287578568787;69.345285249909;5.7954121285949345;275
74.55263803145645;2.0463412904947353;22.096805923988395;276
12.77815992730047;63.21038361825959;83.85580664972316;277
16.527430264913214;32.67088322029692;56.825428161368265;278
97.82896924941319;44.6002196670704;37.73235500967337;279
75.09468503018498;81.38166307659293;16.464383628454403;280
11.836141469480099;62.52695195071672;81.79254630462543;281
64.05885444547606;90.53707852124757;93.27316540304194;282
78.19610965570179;42.237693111025855;17.34487095852072;283
53.23638764245147;13.505276961921664;9.186778845906595;284
9.836190864841377;53.46480853817855;90.38493678705267;285
42.06219850879113;76.02290485097704;0.7793923641076783;286
20.924159004486185;40.335453748844984;25.41328676023561;287
32.98740697643529;91.32428498788686;81.64897764632208;288
60.26378426734368;76.51342145939034;95.43884838013196;289
91.48824080715737;18.91201723018704;7.336147835463436;290
29.0279683922953;96.78117458266657;45.1227146849575;291
40.90880600125044;1.7058292957048415;91.31291692254128;292
12.024304362165017;18.057454192599533;75.81350354621988;293
64.6385883689327;70.60240217143338;61.73383598500121;294
60.727496829655735;69.05383931705032;13.063083256492725;295
34.997634494590436;42.67318973566412;63.94600318756548;296
32.93391812486922;60.03388779961296;85.58679059553688;297
12.65281762987075;70.85451216757994;76.53659888753016;298
69.51711189910269;66.19955145497174;28.79852397282281;299
94.76269623173637;69.43279137666283;79.62945780743415;300
59.22083550348316;11.1906067334402;66.52494788425311;301
33.68549473162922;20.27526840154016;41.26475594679781;302
69.10294753529553;85.89367042798648;32.42615661573664;303
30.781426529140976;85.38375178804847;12.373254712138138;304
44.73238805235551;41.167267403515474;2.326131556966915;305
74.6896495936873;79.51606534598959;51.05735316946739;306
19.81070104511683;99.83489319477924;83.11403240490314;307
68.61305234156879;73.62513213283029;50.710116413732884;308
8.03623676922366;1.0705805018508263;6.196028622834627;309
72.63112655271202;63.78212524512473;92.91068291064813;310
65.23124366146129;88.56844183793542;45.600496918531455;311
30.193021461622006;82.3416527321413;85.06744303611447;312
92.8468155197517;92.56678840757979;40.0437017716772;313
9.115271670285285;92.46263125881504;65.05429204677355;314
12.964947137597294;39.738366191398136;9.988951145263869;315
50.52005749190703;25.86995694560349;0.2776892241771911;316
29.589665875317404;79.35889621064211;37.715594056218414;317
19.514379087464928;6.9296191023715314;78.46375445658914;318
48.448691967555845;45.86796799390914;50.24119854588206;319
77.34364584671128;8.922268142717925;43.26962334335056;320
62.27259093825614;77.96209437261165;75.54371065870485;321
10.659590651548157;19.17517698798784;15.28309126683859;322
13.234028532149988;60.30706861078793;41.11509153030867;323
94.19172282478208;63.80494369730708;8.113226029531484;324
77.3619590492642;83.72194692224365;43.35591428589453;325
95.49528555961797;11.22143246464522;82.55705916654557;326
18.84953115105974;41.728847238687415;80.11646436232381;327
75.13564466915646;94.20751111059903;55.8367344349808;328
15.150462809199894;49.778456237874;99.66723847214337;329
14.608035732544566;12.586701710185121;83.97197624959001;330
54.28076731582675;13.31312180047799;28.411039481223778;331
22.505155056977877;71.4699682869207;19.8611004632678;332
7.898873468808243;94.76551463348538;47.92655467280028;333
48.27377644369075;46.06465972588693;16.864462554123605;334
18.486416570200237;13.051250151866078;53.6010544433094;335
34.088427047685876;7.069046904954113;66.38541231659887;336
76.4949226342368;30.704254671115795;95.53588313098192;337
91.27965021964546;88.72577327509953;75.32523040651678;338
94.42156452920548;62.60394337972218;83.06028034068206;339
26.69331191006499;70.95705217296651;0.04002084446524945;340
30.880466266193174;63.864312577879;83.60615835025085;341
67.51778976798175;5.856524071707847;68.921027423774;342
65.68686065622205;64.83699722970422;47.82058733796129;343
16.087872924462832;72.50503209513194;59.05596112376558;344
14.653166077578451;51.422177996608085;63.92238390570697;345
5.221286411762749;85.21698089473651;86.72723587583395;346
42.40351653836605;88.80736791289893;50.16833313557253;347
31.73259507009627;36.43439322617012;11.74627129679926;348
87.67846262324642;36.188997769831374;58.79812558902393;349
9.333085664686514;22.971130292310406;42.84353785323541;350
72.64976140736348;84.77963477574716;46.63983820055435;351
93.11715716806094;12.075265240214117;59.51791466906479;352
20.561790040976824;71.3097799019614;85.63714284678902;353
53.27027850156796;94.255959443155;20.82213634643879;354
55.00551021993279;32.14803003491345;40.952270566441705;355
33.0261367296526;81.41970217573854;29.55004599562592;356
52.27669841787043;88.46341412067497;52.39370016223002;357
13.709387828419272;74.91634818229952;22.73736437148013;358
51.670973342108326;62.0988887537911;30.047383470094367;359
1.7890566589467416;95.30616508590836;49.512196926719575;360
82.50515858620079;12.708763257756361;32.921266777540936;361
17.8330734051519;41.08772252911814;37.779136100303724;362
11.977409605410482;90.65962107317495;78.66866609804202;363
18.107011228754555;11.369418509055107;56.792148005327434;364
70.8446032472021;78.24322587199775;84.49641539216506;365
83.17200761136243;33.29865362052769;68.72803223723727;366
80.42982450876958;43.321220666262825;9.573825184231167;367
69.68079634662212;1.3699689673439042;36.560225921417135;368
18.41934386657156;58.9706856670538;33.19462476497903;369
99.52147909777499;20.502893690421008;32.44519610054538;370
58.95382835442822;70.82443630363696;11.36787472344718;371
32.718596128038115;36.69857827580463;77.67884341228675;372
76.30257501971857;28.443000686296138;23.29991011898892;373
71.49370003647437;61.90773667033734;91.3701098035831;374
60.79021961286198;33.51656279941431;46.40539204847517;375
48.0686858406141;93.24181894146571;57.580713274247685;376
58.55407668326564;99.46467271363889;73.33453547469183;377
73.13203478736303;78.02622994782733;86.36109185485297;378
87.56462073399692;39.3187516652168;78.64746725078948;379
26.203836683808547;37.36469718933937;62.95131295742187;380
43.08988678532886;46.08957666000093;30.49132343443374;381
23.415015328060086;81.17607081788488;82.52444475176672;382
30.21010438758426;53.52205180176689;49.544482915925194;383
37.52082040914818;75.3913074766507;61.19250766051749;384
85.63466912989334;25.214204929621097;12.922396547431504;385
34.20327439043033;54.82718755803753;57.8617898437463;386
71.91066037953858;60.17371587221286;28.606519570468514;387
45.132781201396256;6.492884720549896;36.96154144657462;388
75.62001106229371;19.137748453952184;10.715106987003386;389
76.1840833865606;97.75916013344647;8.973032622064824;390
54.63151680544307;97.43572686817915;93.78421304055439;391
84.37482224763106;24.859282797295677;20.10851150198294;392
32.32572237176288;55.56970111281474;95.09357068672583;393
33.46170062478171;74.21925551615752;75.59117053277562;394
84.86987228605688;24.560746390865816;67.97115586834278;395
93.84043606463909;96.77531113901665;29.262074952383323;396
42.2312604512806;50.780277031345186;83.45209390957336;397
55.94512404914106;65.62157723913462;68.6606709669495;398
49.83122989391544;74.39553544855482;92.397150115221;399
44.79292222942163;45.93091592243466;9.612448829475206;400
86.13966623644046;70.20532011438961;39.48444261264144;401
78.34527375832518;48.19698251387719;55.20146214349789;402
37.74748349361866;54.92639281261321;87.30072210715092;403
7.0277398508852285;19.691342173841864;44.84456686399299;404
77.96762869839421;12.74620355375935;95.89240525115586;405
10.72611947903004;72.77610817777831;41.105483020394786;406
37.10246568816431;4.086151362467739;92.85474414049642;407
61.88816574517253;47.02272263595925;42.24587772746792;408
14.50893501584478;15.540104731568839;43.444656042813264;409
59.13883105372524;44.580160241811924;97.05022329425172;410
85.97125626381103;57.10821171832874;53.55242313479409;411
27.600368326882563;56.189577376510115;41.37138362379291;412
23.66439554365535;7.896884307301411;41.39455177401731;413
24.541096972861965;2.00124881697481;1.4519275331335568;414
79.73922362107535;38.7817321858488;33.07874424285998;415
31.28695330902883;61.43842257044398;86.80763064562362;416
30.731478463597995;70.618818714712;8.794263424437831;417
46.12848403531219;84.50667369905976;72.57124752483686;418
98.03850575258308;11.926900675955387;30.42490638689862;419
67.26346474128698;64.5307541624771;79.53896478595223;420
46.785546565965994;16.602024650454084;83.99491555952108;421
76.80492308073099;91.09683813279203;60.0283809794151;422
94.4613536723047;54.861561501761514;20.01731399776432;423
5.484038070581676;18.17470674574766;92.06885745272767;424
71.17101336876102;55.666816515203735;79.29286598611971;425
17.780429800093202;2.5927168783054455;45.92205509707601;426
95.4617868979076;35.998024952884236;91.7666697697951;427
16.09492750156519;97.63120280127667;28.53243673517816;428
29.58563342649134;52.47779098423858;98.82778250445548;429
65.05931555096669;94.26199280669685;13.594582846686265;430
67.16858988343616;70.15344206365067;68.50122019939819;431
29.262201767732222;39.20201895297376;46.49381400213075;432
66.96019459512007;28.640745395880618;89.7358743976882;433
48.79607113847588;88.48723835669657;24.08972938985271;434
67.67854411220381;49.62395670773986;2.5180900069766476;435
18.535879295766446;99.39958457748811;67.85745282466038;436
86.29133196124384;10.289767026557472;0.36959586831565305;437
78.97053381037833;46.123504383124725;65.62001596050102;438
50.5892285133736;93.37113084995214;47.757841926970016;439
8.851718633930872;50.290755442004844;48.78142251792518;440
89.88124976717042;11.945361271390553;47.65565033648307;441
0.2567135473261706;45.50492942889852;46.626718547186584;442
62.8526881045133;8.371190553130091;90.32403999974557;443
31.965427193545626;49.24734042693649;82.0282895046399;444
16.161319868449475;89.96224213099725;92.03127174936091;445
45.02661908500054;29.8151557449707;91.98455403269467;446
38.16918609839548;15.475278716729356;10.257667136251714;447
95.1692381624398;20.346082856588477;45.955822013926465;448
43.07194427011434;39.81358225185115;88.8889062318258;449
65.94294381249868;69.59145735994545;63.179007461470974;450
19.43456235083396;59.70495804104885;32.48529122024897;451
99.22021236529875;98.43520583022541;35.069150025482244;452
10.544679277221325;58.58363198743797;89.96340541887612;453
65.90493681586993;53.670641430457344;12.895307215950025;454
89.07032895460836;32.82152234504538;21.668936450318554;455
58.91825134806944;85.78491322925599;31.58646677791187;456
18.003925289603874;24.683011550303846;47.909635452174236;457
93.40517628403728;77.80047407495833;89.14066402929276;458
40.36527187237371;47.55877072759675;0.10673981334491378;459
92.77217163057459;36.41708519772367;12.083237739178932;460
39.79678596001184;65.12484029359088;29.67031129502479;461
67.21808712388416;44.42022218618866;84.19621375267761;462
49.47908461872457;78.10988204795247;61.527877164636976;463
58.39081346731888;19.308828199687213;5.0027661844027405;464
42.28629055909455;75.290304702787;34.881255071294895;465
58.928112343331286;48.43320060516434;1.3397005861195521;466
76.17203576125196;70.99538045249625;10.41925877792339;467
80.29475448561337;70.65672334759442;70.14300548291443;468
11.27111542488124;34.11724835608586;94.05254576104683;469
90.37509541587787;30.474880924552227;93.68648562683487;470
85.38411641858511;48.86250490946949;48.25801801667554;471
7.498938985212556;96.59750739001719;22.52604498909908;472
50.16506373956409;93.7325399521767;64.79740063165647;473
28.31956791010648;3.8382635603319226;1.5925539745356487;474
70.23396650972718;44.198418982109885;93.42318792494446;475
57.97917956772503;97.49350567601947;3.2130054623213056;476
87.62038550997872;36.62067591166477;25.719082381791146;477
86.24013185529749;30.710409689091158;82.31094393112102;478
89.34382920759512;51.80153905247573;30.99528539705011;479
47.603869028929644;55.54541994827643;12.216139003509308;480
12.373764258506071;47.12015947789205;59.95028789940958;481
27.785057287714842;60.9915168749067;46.487926919347586;482
9.017372635670052;61.9114263462978;59.28990143397712;483
22.819909416468153;11.026446247360289;93.79459211234091;484
20.00425417453071;98.27994724625833;95.89443859082263;485
82.19174043294205;64.12506727908647;45.687386291649815;486
96.49234047003293;57.95442314237324;7.146277621778174;487
62.893169484102174;61.911419490192365;69.23942502778645;488
53.89116511252629;99.54576431204197;92.98218214888149;489
67.52574699959843;30.05435951297173;5.471650517576365;490
92.54452257666664;63.996613395646015;82.12146983380948;491
8.111254034808757;2.0026086265665377;2.2288346705312545;492
11.712572937283339;6.025764861303617;76.12307638327547;493
35.20188826296451;16.22706286426525;43.22259907688723;494
15.806174090540514;30.275244578177418;60.328983529090394;495
70.56535650433104;81.05419506522182;10.197657985322161;496
11.831595575203934;51.00300552471781;88.57519250406531;497
19.520376660374204;32.47051675207493;24.576498539400895;498
16.132431495929332;70.11726447544002;24.95071041167226;499
53.18251526477981;53.67449183296391;40.69024295214281;500
89.07786225826884;12.961788953633635;19.846938106814537;501
87.88246033482349;70.91172915851413;51.921162135498165;502
29.232730949794362;93.53390377222695;10.190802479278204;503
47.9468633421216;0.0692515433065477;85.86561465603786;504
20.360704950550346;54.915653917458116;56.73301868134055;505
30.285458701316493;70.91660312055562;96.2763227717286;506
98.41876312069986;61.309688383237535;38.736333792080046;507
78.93986994523907;23.869856840263616;0.32934020299596467;508
52.11507824741402;35.5836564406622;20.25891434963115;509
32.06701054547556;38.445158170263724;42.128681168108514;510
31.169570436186646;67.0029127832807;54.776734716064176;511
91.04578438020269;58.158442931837264;48.86814497041261;512
47.079128205306276;81.02240786930913;32.76545062979571;513
29.98707448436797;8.975872735225787;95.11208220159011;514
28.547237006799907;62.426183957540516;9.371603889105096;515
30.659283936084712;98.40325678162813;63.321289259027544;516
58.79713861504842;99.06893864898954;30.82775656341298;517
56.751476324018505;45.707208179449566;65.73449091489134;518
36.72136550645199;93.0133655715556;87.21988020779888;519
70.02007340770545;84.62051031398752;98.78214199218343;520
52.67881605622148;64.73406077643715;73.61677584463926;521
50.28269414111609;31.819451070850356;95.80737204356652;522
54.047361462475365;53.670184658557375;86.06019403205994;523
98.45262501204176;14.123770627580946;69.86452398804393;524
10.838462377540258;26.014739717382728;90.7278308441529;525
81.04971372428838;81.16095357496546;13.323092633419908;526
2.3873422966304125;37.334189070955695;46.93050982415189;527
77.88532949503836;26.38279290689811;20.2726641131458;528
86.4826246778725;23.464257456180725;96.48565349554539;529
25.511948987512024;83.62358545757243;96.8123107863733;530
28.854162806392438;61.64710113224542;24.013948089397363;531
89.29412177224224;46.268098668985125;99.34624203219067;532
1.9536725986845749;97.06622220638378;98.63965657911127;533
37.24661235722498;60.1117823629184;29.144792734375635;534
27.50931943512107;14.813843550904082;41.10633386158425;535
90.88226024820992;76.11495033754005;68.42707566042765;536
42.95721564846306;12.533306025206347;93.56263162479144;537
19.249096627594653;19.922264270569134;5.4364821703663635;538
25.346507634481007;15.836760826097684;38.73375599418043;539
63.849190979717285;4.527424737723296;50.42108884166594;540
14.845790036716988;39.66426624054934;24.647734625650884;541
44.37946571405432;92.97943200176971;23.296626304391822;542
71.05485551091829;34.7796292016944;26.412615896146708;543
89.80444384223708;36.413346836203154;93.35846054057372;544
74.2201324689819;75.66991416645504;71.10589971296854;545
46.54018562927017;71.15858713823853;57.25610062909088;546
20.36110178471998;73.60109877047958;98.30211729466842;547
97.29000029187019;52.23292613195633;54.82492956305498;548
2.628272998197023;58.02010505279813;49.07723201968386;549
66.49516722291531;39.56134151933255;53.77840445021006;550
66.38097625344088;67.0749434467641;58.24417549624392;551
42.92806488422195;50.06432464549867;86.28762199792507;552
15.336803370301698;31.908071043273544;6.874191813652164;553
21.449531438296177;18.610484528741324;30.108424996898364;554
41.09951137830128;61.86238577251043;44.25034530518304;555
77.99389880993675;40.6432344456341;5.157721675225635;556
23.105682842240714;7.484603137459855;81.74689689248477;557
2.65896629246537;20.680957981242365;86.27352733825433;558
66.25679398050306;69.26285595571127;1.4252007920565135;559
48.14373707147143;52.861124504087506;9.91199872002172;560
95.21146045331962;41.263343883858525;23.776048586168475;561
63.376227627813144;72.35966888887242;81.4032998320919;562
92.00313358174148;14.776189551492658;4.02957048270377;563
16.00797531820366;14.313046626439096;55.49478395290136;564
14.34621169022996;40.50565090970149;72.4313268874748;565
22.955198536483458;84.46817392712049;2.6764068355937476;566
66.85192458453118;72.36447904298574;5.896440622783006;567
7.99540439640859;75.1214941148314;11.795957789738743;568
56.24583586342838;43.335310865501185;60.61679560852028;569
69.00016042948397;50.6984771395571;66.44192156405458;570
87.19581157716962;13.1848832544602;77.92627117945283;571
86.66952055861236;15.254140510384318;72.16183870099377;572
17.737907289751465;83.84029400675074;17.593632314141182;573
46.07935195847237;63.481499347778346;77.97850372277742;574
28.96999358421537;49.0080363133568;77.75763681158787;575
67.28779369530226;47.12565073167486;48.93938305936788;576
19.926010014863373;56.08806254032758;72.06750533725128;577
99.63006597125708;42.16375337984469;18.869453819924743;578
11.687288773662452;0.9952246583860624;3.0810413602867293;579
95.90898845523839;92.5056814613242;57.9942113959495;580
15.532899596404892;3.2036467141611236;34.41496023664064;581
84.46136870249045;76.42440652543723;72.48565715710835;582
11.807794606457067;94.9589298906805;82.11106293412927;583
17.77680635367095;21.429072831005936;98.04553422646318;584
62.59060154042416;0.8313931278877473;84.04529284957093;585
78.70424935713895;40.705232777996954;44.25440598490784;586
73.22981408126368;23.13735595321248;36.70670860362306;587
32.77944535867113;13.767023838271108;40.482901717775135;588
39.56679509854061;71.91161747526215;5.162175915377299;589
23.590964933547365;27.827177339152666;87.24712612072364;590
59.52301974668467;86.21769847847665;21.46862816699494;591
86.64490247709777;33.289094975484815;18.112630864930466;592
10.33284022114529;16.443850179934284;98.46596488780118;593
62.657846896210636;9.228331082004537;27.017940681186158;594
74.89916341463156;88.61355233454088;5.420160463077117;595
37.741219980117855;11.498496082312126;92.83270243654565;596
51.17802756193895;32.785923264700415;77.95729320442271;597
49.34874031149472;8.745272222157718;97.11294695838222;598
25.26230219361787;49.28830839693299;0.4393558355479721;599
30.824357945761204;13.820403524167258;18.948362698305676;600
88.3620842285023;60.29938577402053;50.991333647972326;601
70.31630063752509;49.962515076464356;88.07365711192408;602
2.2912166764625264;97.58793725613725;45.88855847241934;603
78.33707472091938;44.698260088704615;39.02867950160744;604
81.84620199723315;48.86777756923644;76.03980448299895;605
8.35971567742243;44.82694859446843;33.9836643916292;606
80.34497182012247;5.373114286344971;70.86337514992734;607
24.43973390267512;83.01342302612163;81.36054113720454;608
11.929381425605268;61.61818368960722;11.708776893785632;609
37.49257758756721;45.99711594385586;34.729391268906326;610
57.13456339451734;74.84185844352793;44.70640720400822;611
69.01207932272129;24.976646356948283;21.486468677289004;612
97.2048786828965;81.31092951973915;94.50679532821277;613
2.288272017092974;53.08806401219401;15.597300543156024;614
36.037029396208844;45.154321634377915;22.76429878481787;615
91.81608606401394;70.43132992854235;74.33636722650033;616
77.13657085230587;46.27999525175316;28.91618442412536;617
73.87179260612875;27.988918729556854;75.74591472957091;618
67.93370370862259;49.33757695364945;59.34849215937772;619
32.920183142123925;57.36157360143464;19.05210252501288;620
90.46793785702924;61.04199537420564;5.333432747989431;621
65.90539530295115;32.25406003561725;23.20735646894826;622
72.54955966495089;33.39557705939071;65.77713294337097;623
84.20841465260203;65.24094030646039;79.40982930051297;624
61.280315981656855;13.752379787197821;15.731478820602106;625
19.829079800855542;42.96356867985388;19.642126485933453;626
22.537385186620984;43.92146976134944;46.15858419486726;627
41.85785356489708;63.893894361893146;47.66874552158694;628
87.58228994649396;53.36991641612464;92.36830426474269;629
77.99899509280877;45.96803537756236;13.211275157947334;630
54.27460849609809;22.131478207470543;70.62955423807519;631
0.977413804947358;74.14263923400019;19.09972753748993;632
91.09041188348573;74.45017311963528;5.295802275737249;633
1.8428674065444128;2.2885223138564004;11.496736321175282;634
13.618567579519869;96.77729062889365;18.1744586531434;635
8.654080687254528;72.53468942223883;23.852374778026142;636
95.40188987646849;80.73699247268296;35.428390461837154;637
65.3206250703271;75.37102360617094;33.76339329245921;638
8.226173911960577;24.730554161569252;98.61798764976955;639
53.191820595209784;53.52339640327926;18.062193295384244;640
46.13216759558315;21.543721380698745;34.46055176391995;641
51.099235050869865;45.41093429625076;43.05738290900935;642
31.258033001554498;91.1033267747863;71.05007089877805;643
92.25216818756408;23.89152521180241;31.235636244081366;644
73.3229909542356;2.821612854946509;85.30149211441542;645
12.823852042337847;34.31810733270477;78.99089500275315;646
3.1894465894541257;94.83091068699383;9.333813295143367;647
3.5928048996705098;50.86317784315978;44.14141276831571;648
35.57520658052693;33.69384722666084;18.278541131253746;649
76.70897991542286;9.66700298234554;19.45274522201428;650
42.6248932913987;25.320636565439592;0.28146526788203063;651
35.584546939425465;34.870871902896006;56.722717119281384;652
6.823402925565592;73.85102819493612;52.75292251203507;653
40.14741318873959;59.30231834017234;68.19521719997731;654
26.552614760418123;34.00452983177021;11.14656151471063;655
53.73355669751875;23.12436169155394;65.73286433358489;656
82.9013303271887;60.746898002730795;21.42282489741887;657
8.97922451148212;52.19271350923891;20.194441804405127;658
94.90445046934835;69.27947286354214;95.76414942618364;659
4.519068749486843;6.948478805675961;61.32864743969388;660
30.396751672735533;57.66131639679743;57.315936032036916;661
77.50521976650657;24.86882277568939;61.38289116770355;662
82.34677540716639;28.815030174140176;2.1724388550133478;663
93.31892965398237;37.700848147837576;35.17225028174469;664
53.71776657554342;48.16258244802183;23.973640809561925;665
17.480510614632273;65.79033748769771;4.175301081302574;666
60.027923667045926;16.13328218876906;39.504548696536546;667
51.70467189166392;69.29208328741993;26.050940149353032;668
39.86891803579724;44.87950764016204;50.67398073485025;669
6.460826212194948;77.11659110958318;19.36142431787221;670
3.3873982929568447;40.93827732736868;28.6281806263199;671
37.716234044144514;75.71823750232618;94.0387526476972;672
72.78517204640261;32.851820591624836;41.790597431009445;673
5.08962450766266;32.27949218208524;95.82344951568078;674
36.90220836630692;59.916423383210436;58.964958699880434;675
24.092725077822273;56.33227743941952;66.94657232101545;676
13.97850806993668;18.712389109949356;53.331360209178094;677
2.5804631241433507;2.7440215423586545;68.78392778473598;678
36.38333542323178;33.369132997654894;27.86086362468717;679
23.251578495893387;85.01521401033398;96.80021586312279;680
27.377000160632747;68.41510505182895;16.238665720930822;681
54.87480096657219;79.59794294395218;50.69405035505446;682
89.76067341258064;1.2471283661969146;11.132541595533096;683
77.6830918177076;53.50692997701113;56.604448325386805;684
48.41396650236265;3.2614322099114745;31.235799301270927;685
96.00755341861692;85.30959166037219;26.117457208367444;686
21.492834046039142;94.04051936358978;47.14054608423549;687
67.9052164485084;18.10409733017828;76.48152810087092;688
38.72059292598894;78.15345174651507;10.010777541603632;689
96.9152229242752;0.030989098728062547;96.55934043873859;690
10.69917275063127;67.24874538665544;20.807184353430607;691
46.63443388912179;31.463140594039263;37.80132678938421;692
67.66938619547017;39.99944300694144;79.24473172266;693
6.628055682294831;29.934382933923953;46.55557595451766;694
57.56259699585603;17.90315395409091;85.30658166331274;695
80.8234687918665;28.12129914221242;55.82484645979927;696
38.62885667998002;98.51343771869553;23.751857442400738;697
77.632357257507;88.8106202766956;22.66429528925101;698
0.1510937659800038;78.63231701056861;86.28496430558586;699
31.183525330663276;15.370223101803182;96.88694586789374;700
40.69067523426105;48.16646166482867;17.40776999650532;701
17.883120487464065;4.754909568264642;83.15055941833629;702
71.46131008674975;19.455565958514597;32.57030048064973;703
1.3085652071798015;65.50954339153552;10.082453022937433;704
7.56284035293181;99.97526130448101;35.06375170668298;705
92.55834397110874;6.135056310755882;54.3114126413316;706
10.282522590862698;12.627181285770895;24.363233994215292;707
11.625986614068706;59.7177739431805;4.498286409549257;708
65.97185976533036;36.129929359987834;55.107781214483;709
62.049122097423805;96.61139461863193;7.64716934560229;710
46.0164043312604;73.41045834150016;87.73418969048386;711
88.29429524942766;28.961958050880952;41.45330199176789;712
65.51356468514655;40.44863574426406;21.32994971694515;713
98.36744438485468;99.65889833468007;21.754827761293004;714
68.62753643018499;57.742436009942665;43.31346728515187;715
0.6540504985860007;62.189785264189254;39.39360510269133;716
15.447202032008056;3.9703364056259405;39.39668831899734;717
65.17981660518387;87.16580198115767;63.52946339453588;718
68.03432451640028;57.92747293700282;2.6564226985245187;719
73.94911331746309;27.80995077460835;70.39163011647221;720
4.4155275305905795;47.87602535394102;51.841796368505264;721
40.89070684200532;70.54710629052552;29.660865568773175;722
88.34957535254468;60.63021628428166;60.00748791580784;723
29.32225362366091;84.64086865673991;51.61347511586756;724
46.97532649310388;7.112621105042183;11.790835445023252;725
95.44420260060504;64.37991155552582;38.05467899244475;726
56.3046829308181;87.83392669754359;62.97550200725686;727
32.065281917121666;26.52590145662699;44.127184689136165;728
72.60513437640277;61.040449977144895;56.5154992701502;729
65.72686753399485;32.22515586118456;44.12274379369266;730
43.588530195068955;35.99742851352984;70.32072957091304;731
39.24484357663507;92.4753452785633;83.62615633266928;732
60.758778562436824;22.877029167187057;87.258994787978;733
2.9236020430505216;80.99758275074493;86.77624331876807;734
45.4971776295965;22.855479766921594;1.1378317671373317;735
15.044073463748386;15.144091893605227;19.40516097864837;736
92.01745850896091;27.641097438386264;72.5542544250932;737
74.08807503246226;20.274308122385232;11.80082265605611;738
8.485699414726632;72.5658179117701;26.478029475138122;739
22.28114917691515;97.70413640420472;14.109453555471108;740
33.659930497929594;73.6959556523635;93.72140547008418;741
76.59866118726384;68.82268130755345;16.470688456027503;742
89.35653109193832;97.57928538116457;91.43924240026718;743
64.46292153885189;45.42796984312616;25.742541657980176;744
43.558155594421734;49.395507415513265;26.11535390472366;745
31.68806116156395;30.76759803636354;12.531879064311834;746
74.79145213969576;45.87121565055205;63.755954194899104;747
47.673132543543076;54.122302759669495;81.53571695074524;748
6.940631976666012;38.9094037803334;14.071143623673132;749
94.52986149625876;52.51987041598113;77.3749181228248;750
3.336285165853825;6.982147445750108;93.20684161141858;751
40.46431086304746;64.12851215881415;61.25321745400167;752
88.07471679208695;70.07604209982262;59.51187317836716;753
20.891215823317832;5.034403111542285;83.9063715319022;754
65.64315871364018;80.32051211592048;87.34356811799677;755
30.179212053544735;88.45208741765468;26.39977351837608;756
93.97328181349134;51.255487293563064;41.625272805091676;757
9.79853609279797;35.97449742998745;66.86028097912484;758
66.19560063901942;30.73876928136501;55.80202855336942;759
83.5149387773355;38.44335088223095;54.56032121070156;760
8.61348364012623;34.84144646864059;47.07060426963835;761
26.029499832455006;47.51242760068677;63.47439710470051;762
85.86156359113852;89.85906213138867;13.724861603704575;763
32.98615642947307;3.551253178981728;56.09228551916324;764
85.7904919051628;38.025732726614194;49.992878883281556;765
95.57490395633721;6.5827831569592155;66.38793629652989;766
63.682501897936504;36.66940456588769;4.1127429520338215;767
55.356605344931744;7.1503226866811875;51.707784841556006;768
21.80344663608573;31.491989868075244;50.09831849192001;769
32.52014232363333;98.2740122722292;58.550862973505645;770
21.03156259327843;7.447820052198351;49.106079720855114;771
48.8626348836415;20.792337086173863;57.85833477277048;772
34.31641219766824;8.025691048136807;15.527643100354926;773
69.18127025172225;44.31275851017866;26.89064895516866;774
28.20844545472172;96.13719180296465;87.39997242394787;775
74.86392652710428;12.53627906556234;63.46429655926931;776
30.595942773968144;51.911696195149304;84.65906328037994;777
68.22996833304971;76.19564673098323;55.24385203302289;778
43.57419308606286;17.52471556958114;84.4376837957347;779
38.48511402535172;32.57799364410591;26.862489854058037;780
76.01694831303149;50.64058472859517;19.268905472594756;781
37.530868370162075;10.65119777016914;45.855216704976854;782
29.22578711400493;37.766145004496764;72.89996960984485;783
28.703783346256294;27.883948353660593;12.437472266842098;784
44.154649535065715;97.03780316192571;47.074201679758886;785
11.614346970431889;26.38661089337844;73.62123014927232;786
95.58613765976445;30.374178029819;18.38270545622126;787
19.552527991106473;68.00154274639841;76.66492254609926;788
36.74943677328694;48.73164288971532;86.74769271150518;789
6.826497868078885;63.00592546623306;97.37655531716074;790
45.284251481512904;8.444519516592964;99.67657149010437;791
65.36369955905373;96.91968339529838;71.13610890296994;792
76.831335575832;59.866014057050535;94.90638719678203;793
62.053036634100266;42.78858630714157;83.76434962982579;794
20.457035393904444;48.51705522637744;97.21914369139786;795
5.501689689541878;7.486814865922343;23.660815369873877;796
8.723296792852997;24.322070697543207;37.33874057829847;797
54.84686973897788;98.55488925772717;57.82553369730784;798
48.75573316666693;65.17981405676035;61.84112013318869;799
67.10229379473995;21.13281544143485;61.83952062811029;800
74.06404082428709;50.591950112870684;56.74173865265721;801
29.504436564703617;73.27495018865521;35.86159732430353;802
19.30090449831423;69.17819211110832;63.23800593731658;803
44.140841352036944;30.90250998820061;70.77150914502214;804
48.445327820364994;76.80767406599757;17.22590549912375;805
44.81595729754403;27.05752889223435;30.990224386859786;806
45.1407373007299;49.354826648724604;13.651395018978164;807
71.14210778687267;15.340660188940946;37.387153998453435;808
8.553827061554554;19.865877171456027;72.39527152841009;809
72.85961206323634;37.03682246435308;33.425892024232404;810
4.387469470073457;10.9917766616486;93.35077567313367;811
1.3962061540395143;56.57199480955799;39.17694706791177;812
46.36641471771592;94.0441127501589;21.365811868888972;813
78.27184461277716;95.95879277184204;35.114432079318355;814
99.86722427093498;70.73114557511406;37.7522726842652;815
6.709214664054897;0.04046411025954155;15.25504934261539;816
62.93322917628545;30.472133735945306;52.42724713577057;817
2.173043363199556;78.73127899716117;47.791133701844835;818
51.12687342614949;92.59743841046006;41.67282764443432;819
44.08928116884391;85.50395376123929;18.444964073270054;820
72.93706920497748;23.82173494769283;19.08671823774647;821
67.16004304791815;57.0003297551669;66.62799004302937;822
53.28070879722739;89.5564722103372;45.13773279486871;823
66.58395542249855;65.04282254015266;6.495779775187682;824
10.776131502391939;48.58368317441566;51.277451174315004;825
86.84049303392452;61.293881774304424;4.5848840972667615;826
58.75930884011813;3.608871741311759;89.44037975851494;827
36.17348345232951;51.381714480003794;59.415421327345186;828
86.407127321925;98.85584175102984;18.44394539621733;829
41.08135603770384;76.15657965399426;5.890741641870001;830
27.451983211235053;94.13269320183915;86.72100324287626;831
11.674162578666891;10.949348531972614;59.778929338338;832
55.70214700420759;60.970855733014986;15.024959462256259;833
66.51604474009055;68.94753052154802;5.335801897490522;834
23.34088242573341;49.42597066239255;60.455200677744095;835
5.3922057870080415;98.46751349640198;1.7831696422791365;836
63.10799005918255;49.40556555306428;34.500402109574026;837
40.18910237174313;29.532161722907823;33.23229920068667;838
73.16178728467335;36.791648225000685;81.22256049486016;839
72.5767999768441;57.219230114124045;42.357284703179;840
91.68947187589134;82.28073495854919;85.43376171014143;841
58.19599166615313;59.95729076418144;26.55757281133676;842
70.58780977152765;73.58328435334028;11.696033738049172;843
30.083599521267523;54.47973088517455;97.64114144126252;844
22.51472353935555;31.55408386773416;18.980862525678177;845
73.22022819516627;23.08630491871576;80.34532410578056;846
15.948625427118158;69.37106833157165;34.45354039925328;847
93.70735718809932;83.21578961182642;99.53680199829856;848
65.42847973514517;13.589724520255132;41.318608571835455;849
67.45915019103316;10.540091895126913;99.65682212771327;850
94.55057112726202;75.82350500898568;70.09096438662891;851
59.61436752422703;27.42565544587783;38.32777761216902;852
89.13476748047667;56.23653635053909;65.72149332667749;853
42.65450000052199;25.721194790476066;67.21031796444757;854
92.87377859557722;61.382465935691414;61.841589679292696;855
13.291017717972032;55.100337774317076;99.33166931650103;856
41.10843327838607;37.57030757949445;31.17653389774968;857
53.58615094126995;38.116176866190735;3.135062075853823;858
34.00793622713011;42.55534024113139;87.7126189345773;859
21.05709018699322;10.299970285215243;37.47606734579142;860
54.2468831858921;22.07354878901089;64.49584300344475;861
74.4130529357639;29.071917064292542;22.76154764475512;862
58.52795672615871;74.96981651856288;27.39947185054983;863
2.044918475194313;76.89960156002336;40.66784032845875;864
51.016178393672476;59.39147747420066;62.21708248575158;865
65.2534673561439;18.65189098974853;97.81796505006506;866
55.550741087990005;22.36232004517741;30.38569555794347;867
98.09183233507073;97.21770171671716;1.786732894298515;868
56.373098633501215;26.151016698849716;41.48186401741327;869
93.01307578377144;45.62081931526472;62.46067661551904;870
81.56212502171654;62.93172974524238;46.08780021947601;871
49.18012518837459;74.11946326889097;65.47133635936069;872
83.26719435974391;84.02212523645267;38.24580434709286;873
67.02650716545526;34.80786476696907;26.674877587702394;874
84.84840092628258;53.13655668801174;31.020905034208145;875
28.44440131528645;97.91299807880883;89.1571515553658;876
5.6378677178689385;63.736607303649805;5.297188042357803;877
22.58579453307522;32.47471399736731;34.89986322599145;878
27.79230030670051;3.3652868866707153;83.6379073619872;879
20.382650050991124;21.872623813668433;8.839006872313139;880
87.44243478245336;38.81083617560853;52.13557738878498;881
65.28802437666197;6.52676949068719;73.90570777056209;882
11.652866373458103;99.33193641237705;4.137858038660047;883
91.10907353841637;98.19776593874829;99.08683205145917;884
75.10818871299733;0.746605283291113;28.530040896304566;885
51.43480985819485;76.90554750586386;39.42271753010343;886
61.533148584355835;84.10398732093903;83.88774950572905;887
13.957761289156977;26.011604698378022;82.40924602212041;888
81.07887873309625;5.507724369846311;3.1139243573163222;889
74.6044346299734;3.9569670365281695;39.519871212003565;890
33.278642976221796;27.16094055592746;99.0647476344263;891
46.87011520729567;15.74799584930977;62.106757612439836;892
25.284780640737615;52.042940563578675;30.35678795742246;893
0.6174204544401207;88.43502625387687;96.42104176025903;894
92.32010961753538;79.23064023804912;22.49654695725132;895
20.334656405308404;33.05840497599707;39.150639038465144;896
54.83211918223273;58.13902222323419;28.73905270194609;897
52.39935324507077;24.193108973686762;96.0257125633545;898
29.103577667421888;21.881719154698164;87.73799913320644;899
77.44231708821182;81.93088727815058;85.94280866380825;900
40.23185912160895;82.8324529345849;24.316486609052724;901
62.9205895840975;2.4308295062133833;11.910879335927527;902
27.319476063342485;84.17033197874579;7.1024413031225535;903
29.199000059337187;5.889930078746996;42.400768241615985;904
23.113506628256886;67.30017250564984;78.7734103417415;905
91.88390542906232;6.722663551690045;62.812823507476914;906
65.78028925575664;27.731961743441758;13.517778999985675;907
87.99354795955587;96.14998954186903;70.34859587755459;908
8.690546497253193;2.072199507375061;52.19858407074657;909
90.90827794874082;70.72949530518365;51.87217802556576;910
30.64400218981902;57.20694086872397;4.695491970807886;911
26.358953192851043;27.962337889929568;34.60085073575894;912
80.27557684257978;46.967598042019766;36.39070733254221;913
56.99458970925125;88.22564296080671;89.67459696597373;914
9.087466491050677;52.60868773356751;35.266129069592644;915
99.23290108991678;21.168828398989625;34.2687768505892;916
25.701444668599137;25.55146207013702;6.91644869615391;917
67.57869296971771;9.267315716558834;24.120495866927406;918
54.899648831744464;14.788149916068127;51.83078541813385;919
23.222419409238558;51.21188891594476;16.93738070698192;920
41.17815313741377;37.5576002067626;89.52833901491205;921
18.991273538600616;33.12208254886778;60.56408400551327;922
90.83295235323646;44.52415990025192;11.718772553038004;923
44.484345186409634;39.92214806936399;71.90052916364526;924
25.753903888020936;67.07380979634556;45.84842537487006;925
66.20032589640029;33.49551953787876;70.0677397670305;926
81.16334445920639;36.80921784030109;17.9781494654084;927
73.15732829049823;16.59550577887018;12.664138393090829;928
79.54235937446734;19.48869816956893;48.79613684546279;929
0.20372177216139153;68.78280735279205;38.42969061260382;930
50.23106564683856;22.396226597031166;67.90870657334963;931
87.32238964116263;66.90869100851587;3.4239541608200086;932
15.850220732204745;32.255358149456384;69.1447930837348;933
81.40827947250399;4.614503805067227;36.21956018763439;934
88.41143794430549;22.16925658133664;96.79659899837661;935
13.331809076643742;94.96673331271867;32.853200370858836;936
63.66875453424876;79.26447766036844;99.72335895107108;937
60.99586031766936;84.89143995742342;13.885970373780765;938
63.41652718764313;46.425247885388096;32.09245134668344;939
29.870529502184183;80.75582648103892;95.63534617286129;940
56.24952586416006;36.10254432316591;99.70490381848002;941
91.89023444796722;28.06572224853904;6.7272386882641815;942
81.53775608373527;32.17342084505317;79.80675415084283;943
68.09751494103175;48.32407137999242;65.44243345656668;944
41.56407983620569;28.910872460757332;47.7134405416117;945
76.15095698920139;18.176104610457145;82.28265145209275;946
38.83001818532775;74.48354164291528;51.92346168358624;947
58.98397594617937;86.66060098161577;41.294642104935605;948
26.877278910629386;44.67220050162999;71.01111794165969;949
27.633694699976864;18.13151572854497;60.10827150366684;950
31.312351569129593;1.8709660990518406;42.49654509337777;951
63.83319004809165;62.4068974351488;97.89911506701165;952
28.517019903505613;44.26557268022262;19.2924763331494;953
32.98041651470914;78.10171351909855;6.5905150888802115;954
87.45854825290375;8.174969682495236;86.34237992494836;955
99.3890878575981;24.608982741625706;72.79951296229483;956
3.035641961494473;65.94529769601482;55.821078968458885;957
61.44122796979907;26.235887445240202;21.11400461711559;958
67.78005833956541;68.22156857468698;50.91260911169814;959
28.74833409173475;54.606999715544404;3.23448082661979;960
74.5227468725945;78.47088186955024;5.786023445824629;961
11.021421366093298;66.62599798197395;41.64280942490159;962
81.30577036719231;62.81273993587195;55.81197599258226;963
34.09120543114208;40.87656512178645;98.03864801048539;964
57.78389637878784;58.699292971384956;57.6320079633595;965
0.6343405544338099;56.48482498632862;53.63958338064671;966
16.795770806239418;4.3436713358932515;21.282004501071828;967
54.56345714425771;35.00725757606814;75.09557806562732;968
8.777417722592295;68.51570683250785;78.33247752022197;969
69.47194025276495;99.64602772149152;30.208709549171086;970
11.156659578369721;70.64859636658059;59.80423022162912;971
89.41242086551799;85.2211139158752;56.323239149640735;972
90.18748506703318;50.514306811920065;41.9630253706727;973
49.52009809468644;77.02074917960766;29.910954711011584;974
36.86618095979729;61.20171362865116;22.193535722925194;975
60.612330175916625;31.114598434522765;64.90894636848859;976
8.799761202079582;13.32664717819172;63.80945625539389;977
0.9867676050477558;30.95638813290934;45.38094735307918;978
30.973316328619227;37.98520070363328;68.38280251817366;979
61.876971529812685;11.485097903209562;45.74790988494838;980
50.075024729403076;72.84769605469558;27.33360412867213;981
35.964502132335795;61.95040110063745;31.965012736031937;982
0.6052645091726871;51.70390755808588;23.406419516304588;983
14.191224180137297;56.56674406614347;38.55931276535929;984
78.15645931053;60.05533842377271;39.5790959632648;985
77.51719202234058;18.69535164761483;29.891907280927466;986
96.54327436987286;4.890018249028927;75.34683196105037;987
15.822174697729796;84.14168246299222;75.12418100500386;988
61.6079874498399;38.977112846557084;47.17104509913934;989
27.831892908414424;1.3347596167103348;11.358447130660121;990
90.78933646301547;58.206332956362296;73.35397604880465;991
55.37688355739755;16.620859768997033;33.136601906955875;992
25.660756795309393;55.689637376306244;49.12312903925066;993
84.96113999061478;12.405136921421134;0.15434429064917765;994
45.635722123395006;67.34332403387724;94.8082237096174;995
91.74146123833538;47.78911442522325;87.07028164990403;996
68.31852052918688;35.41832804424245;4.118326343728452;997
14.481424585917557;92.48005502462551;5.414074158158599;998
97.1297748961396;47.800445762635235;67.00757072470178;999
