14.2421339367524;42.127876264422426;53.668250952210805;0
52.59924620290932;3.7073137932143174;58.804157245346346;1
49.74578121136193;55.9023405706503;35.62045934676702;2
85.84036750589513;44.18354235996854;8.520379925070342;3
32.582938932033656;30.569957513799384;85.54611576643718;4
77.49217781160834;84.52197375624354;39.56583839931517;5
70.13030703297596;84.57882892193955;46.537960352636766;6
42.697242670813594;38.76318213479843;94.88728789832146;7
92.14999608437758;26.19492058829912;18.132024606274435;8
39.81657094829172;2.0933452611053838;35.74033756843584;9
76.52051280578407;34.44688126563255;80.33497215403628;10
32.19684613106787;22.841292352779142;83.50802724059817;11
28.48842782770673;28.11999786612227;21.06031302813647;12
97.98266866376608;79.47531067330762;65.38856540914155;13
0.9580068522042517;39.421682885768895;22.508507145673374;14
94.55399455512915;0.5216379049983955;57.07037963407578;15
9.462560171578083;51.15438234044948;57.905371727455645;16
25.734596993141047;10.222256447146483;6.3616955032238405;17
67.07156520120728;71.73692806004698;53.78283496530292;18
77.19922448657954;17.05715299826942;0.3276698700465319;19
49.06018272067947;15.494276781150674;27.46098233329384;20
84.84427151027603;88.61088291971987;23.075873452521943;21
40.96792700367897;38.8144242447135;29.936068623716782;22
8.18983333432951;44.198785599438374;4.737914630256668;23
46.20024638657063;42.64019811008867;44.03097930999621;24
61.15138588387972;86.28813627929867;70.31243585184251;25
33.06964899203254;87.23952942685173;43.94803531744412;26
72.5845964415041;56.12787187678455;26.669848146340623;27
51.86080736116905;15.147800465141925;13.665515561356967;28
82.32276209690681;21.43218295207363;40.27919739041763;29
34.15444266917246;64.56021630192956;29.71019082128089;30
54.15537248364084;53.08130019967409;89.46673239754826;31
47.22562492811837;88.28102189143286;65.47677003135058;32
75.96943603277283;9.210894897715916;57.20288299273313;33
12.049311046124156;63.6190140047922;93.9423318519677;34
89.1405735013613;43.363255584348714;78.35469800300604;35
99.8406955279575;88.29939287025694;46.17899499145237;36
92.30812931931759;38.87392282128798;66.8066486597353;37
51.07635555039726;10.211958741611992;11.975644938370545;38
90.28339576114993;33.16402463498981;40.02870801428302;39
13.799324731828932;73.50141728407976;51.65595477903877;40
37.19820147471694;55.6637914996422;35.507009774766104;41
42.04043175157109;49.51297394956129;17.306199105589847;42
70.20303467457613;26.721832982073323;19.72453624131587;43
31.75632353471257;70.12234914723386;93.68677355291356;44
33.50004700025778;62.519793262139636;5.136512500320034;45
27.67766132191687;50.64668225245249;11.411410688988166;46
32.99933219535627;12.798205559187647;49.41134817184407;47
0.07733450216467208;92.0514840503426;75.97688810228776;48
59.22482131665103;39.15493924111566;2.315147907960724;49
57.819337779474246;97.95298657150688;17.888156493695785;50
69.87219899074942;92.8855614736705;57.2614093073276;51
15.123793951233278;62.059760569145375;32.57749238427038;52
95.26378627384928;55.80964335141656;43.21800699765971;53
34.984237970394325;66.71218237378366;36.363089587411665;54
39.99848383799557;21.17208503508532;4.9231185872684495;55
1.5732229734348846;38.80165839930184;88.82582930249488;56
69.16064029064788;96.70129126245543;74.01645788686324;57
1.6606512446925903;1.1808467516643995;54.453288174449945;58
40.80208070610879;17.227609536237587;97.79453997509957;59
44.61552644698546;38.25801362918501;80.76682769688797;60
37.72858975989819;59.29382935586344;27.642349588854444;61
21.83686941859725;92.38843055613954;95.00084012493961;62
47.8258627210271;43.49783284563378;17.866125212472774;63
2.782716848803013;36.663723603301875;54.22990160908976;64
27.573228638616264;9.671025495436435;21.61753570079742;65
38.32522152050938;74.57389832227106;73.21389351197153;66
85.21895108278474;1.409152180977502;5.312220727073047;67
76.70126682621301;31.398312110585568;48.861716952890475;68
30.387478762789712;13.31316857731023;42.876721709479234;69
84.18251657483509;71.70589706762848;8.311851413243476;70
39.017259764536625;24.880583802139565;13.374877577150368;71
44.68648464673465;83.3625656865329;6.1240702287021165;72
1.0948013061071293;33.05588116468891;50.68243152664588;73
47.74689077741642;34.907586875480234;57.64029083046302;74
88.28154978301335;90.3613707466878;6.591623310694872;75
30.152914832862887;21.00089273735224;65.72038870548764;76
79.19870279768836;46.6903166501793;60.32482419278761;77
3.916154978121922;47.16270321135255;41.57957385341826;78
6.477444452000158;43.928621637416434;59.47701327089104;79
89.36308824208348;31.302852490291556;84.01831570885153;80
52.46494327111003;34.205883729319886;42.89376690228139;81
39.35769491887464;91.56190071513825;90.04480139786718;82
38.184754461368634;15.713191630782298;69.28513507686694;83
49.83206837985369;19.3030364468219;23.170875007391512;84
63.65784966566618;68.8455224837058;56.72373205199735;85
22.7081748696518;30.973009276023266;8.852909716952794;86
47.754901650257565;12.28664265283953;53.47774357454338;87
24.348676656981404;28.442297324731737;43.76254772621694;88
97.08587885493932;66.26091061281366;47.819995162470796;89
71.23067037634641;57.238361104302136;60.11214381465526;90
84.01593546561782;90.07290092058498;91.59007800273797;91
45.583576126830636;53.35284519230752;52.129480733458024;92
59.33168816843873;11.638505984267344;86.2071798477494;93
33.95559340592531;57.904806074011674;87.63279214146088;94
57.52292997531774;15.563970710783925;94.7635938558868;95
98.96768165997895;90.00315012613814;57.55613345893815;96
88.78629064155511;2.4000679288036064;94.20606900602225;97
2.3913145929232327;71.07041688006738;6.068974865019017;98
59.531780314555846;60.84536068981353;45.90304817127257;99
3.6054202476054065;91.30160903239916;64.00290854173389;100
19.735540664132856;30.200143234397203;35.37326672461397;101
47.61488477471496;19.42797617334432;49.52674197800708;102
94.7986479246604;34.46390752621858;61.921619629547074;103
66.84425657639765;5.1326525530190015;57.14733590005776;104
4.653900627667429;6.620287847293849;8.877314863804086;105
60.46994001694197;21.602297808414217;34.94192451363507;106
98.3771895292877;39.89072902323847;37.86331735234187;107
86.32914860049976;93.8349908982041;41.98738354524001;108
76.38105668024095;54.56766374405597;4.242662805842212;109
70.160194351459;10.425764663822246;3.229736464878996;110
11.087280730540572;22.001156942794164;40.341771264677895;111
33.77621849624886;53.77605184167902;88.8276471718486;112
81.79130565285718;40.618400527771094;62.895788608404445;113
4.516670537499213;93.89111550371564;15.94023903477103;114
73.10180448739227;78.36264117911406;85.74964727439719;115
62.25199577069601;64.32172262138957;98.06520640068302;116
95.02085401446362;45.16344625059324;79.45513645554642;117
45.62055854894008;50.66956611985316;36.30989416975097;118
50.145937004808395;88.77066516413586;5.818921850118297;119
8.911185174272806;11.804442086571898;10.278559219395223;120
16.482451826090294;13.053426170318872;72.64034829410734;121
42.56402443394709;66.99503843293445;87.56548733666676;122
96.13614951667007;58.647807291325236;52.046860414926634;123
53.6953236935457;23.752173563844902;58.42374896398849;124
76.37754325763115;11.063357693252318;27.008154315977862;125
36.37325758663744;15.472086935356522;9.935327383359894;126
52.75451422962371;48.10853964848382;8.095565915454427;127
85.67970151994221;70.40548454612173;12.865627015106472;128
93.2299299394326;78.87717705342769;86.36998790763904;129
4.470169654262623;35.31019877387498;51.59462948429315;130
16.06241484486386;94.22944125120797;8.66649316954411;131
85.57009691252452;35.627222783652144;81.48606965996788;132
69.64497921977727;81.39951327479777;29.87907451498244;133
68.96254469959324;32.696383905873525;64.66349507470447;134
7.319863325188846;17.58799318982055;23.85809991910113;135
50.71254859213708;87.44047274771015;1.2128212036475627;136
91.80107079762027;3.312256043912909;9.718483531210541;137
80.06906449217453;21.611848648521082;62.05556183773714;138
84.6162804519589;84.05193197352628;31.30895378468298;139
79.689441619382;18.30964137823159;74.23353644138628;140
72.05009467335438;84.17371004340482;38.6407948719756;141
29.07795414715848;11.861958162228115;30.54384908262494;142
93.29363987859323;53.430305112240205;2.9980183304175845;143
94.86744204350998;39.77639331629749;22.27109301401189;144
81.24784887336878;35.45579047608639;78.89224052638059;145
77.02012085917737;92.25926654390493;58.83311646994983;146
4.735378894103648;24.097958695311217;60.93510598504942;147
99.47208709336918;89.230639354725;34.62557191727902;148
70.29502772359322;70.2987517053627;17.455776317681572;149
17.556822089173195;97.59403977912699;87.38908510155437;150
22.778262253233017;44.236554278618435;58.70767359334228;151
17.073247620592525;56.72421365106442;6.268655861455441;152
76.47872421329836;0.1326250762223924;89.70941399481121;153
32.851131218592656;65.60645014781043;35.88091305861229;154
90.6587742063612;86.79605554999412;82.18312644425968;155
37.805037214013545;18.55415392149309;75.98774574370327;156
42.60517571407573;50.16564342160726;84.06496626130054;157
2.854677463878885;29.412179253938508;3.6049156329897025;158
41.90918865156572;1.7658734816336397;16.133534398110548;159
88.26687452414514;85.20228626162114;6.634898800443667;160
15.550054778337596;87.62830509151794;93.09095614108827;161
0.5552585290780732;64.74947377316002;42.047704556617525;162
12.541585354500873;4.4848111387085225;44.07582609385029;163
1.5270071678295971;21.145689930419167;94.25165893658098;164
81.81877528838771;98.50062520320978;78.20523640892758;165
24.106595630171203;15.995654755439793;85.35229868262772;166
69.56461292457516;32.72426027288509;41.01558956660026;167
64.05438123223925;79.56939544813751;7.699357266810248;168
21.412183131577855;31.913690166602382;67.68422085303764;169
40.629047147601185;9.222930156290744;26.26821126237403;170
88.02945250437314;31.040717428077848;27.304306868043483;171
57.50873495629016;39.725695505263545;70.17150344276007;172
32.7965712759177;92.2269627258638;71.48171279182432;173
4.98941942340384;19.73199474884173;81.14427926175503;174
66.57079702908374;4.012839530465584;58.54988025710356;175
39.46951943607093;3.2441944288017943;43.76612279610039;176
5.971316586193332;47.91732132996122;22.615931284599167;177
78.40424752930079;16.934685723789478;71.99071286747927;178
81.93843679225942;62.303903303977606;77.2238015744419;179
79.23511503897379;99.2564288105794;94.51724491692922;180
42.90304946626286;87.47962723107436;8.514583495934891;181
33.10675065591372;96.20342447038178;41.23283896843496;182
38.01658453756682;97.0485517225654;36.42526387749165;183
73.9688003904777;42.475314768381025;91.39295768524633;184
31.27410710404589;54.03284728563435;63.09463322784703;185
39.50897373615007;25.05702236823424;44.297100156850256;186
48.3794644862514;97.66399863371339;79.40563837072568;187
10.746346312895716;90.5474969513368;22.724792296782205;188
6.050550832996704;37.433822525088225;1.213760240223194;189
88.69409790214088;12.78568206446391;72.31566752067215;190
30.965149415457706;43.49551022374484;19.999850838400235;191
41.205480138416526;33.24233651754393;26.950724526665038;192
91.40710670545667;86.16640661952573;17.984201907427668;193
44.069903788911304;92.05687335409213;97.46012119115206;194
43.07396828676758;42.760488146216936;69.0844634296828;195
99.38720731897874;0.4475102267680553;99.43372109765646;196
65.87108391236201;86.69912759375588;63.0688464196146;197
91.66444757800566;10.18008244863412;61.4731039023911;198
45.472091973189286;56.33209886897062;66.27967683002377;199
48.214027106389835;65.47222669170874;47.21046150259036;200
83.88813078647888;61.634489981320876;13.265728761568774;201
5.01046123313571;46.796466395361826;50.37416562597908;202
77.87015159683442;77.71194254749207;65.69556278933891;203
46.94173188399133;61.10182623085596;31.152235464345278;204
20.68061770557853;27.10477017988806;5.491360926621869;205
66.82990009359358;14.121404235248747;76.87223582265052;206
11.137073550983034;51.18155349551009;10.578753781415418;207
18.413260534712073;97.8721039413778;8.410079337365307;208
45.28152320568658;29.22846964978302;20.245324368543116;209
56.21458182428408;28.26684396271434;78.14876063673684;210
21.43729048668086;34.008087019021815;14.689150830434826;211
62.33775387048715;64.62839275205629;83.42969362545846;212
53.4561977563213;58.937256132388384;65.60849636783917;213
94.9052685786462;61.87801664778673;42.210777566645184;214
90.42466286736261;96.47767934567334;27.06297104257498;215
96.20898538764587;84.10642802582241;94.57106182263162;216
94.55710058535843;86.94567849364348;92.91488891482165;217
19.486284680045085;39.26833982007236;4.5356128713193495;218
66.0638129611588;66.6371982456073;67.77425808585758;219
18.923436734456356;98.9139163378495;80.52898499401519;220
92.74499607701776;35.1081844091816;89.27499978635794;221
56.98786141408684;9.661826944093843;31.976097817459635;222
98.86706455472931;78.45321650894478;10.555109624087978;223
54.86729170931797;94.2260259504173;32.64724274247527;224
52.71825581063317;8.292876720468012;7.4960453524880455;225
72.62971198322384;42.45862009245725;65.0693285764384;226
89.86210330587943;22.978544436185732;49.61520874595975;227
70.90913275975626;11.862597594588141;18.867906945619616;228
87.60419069042284;69.36831495881663;62.6667515701374;229
76.7723633014323;66.97562779465578;65.15498685915277;230
72.67027427473482;87.15593839405874;96.42862346646646;231
58.59107525487121;1.831695981496928;66.77294689171912;232
51.61269955322083;53.60933538208105;40.54208152464926;233
18.024918978598247;0.9258040316898475;17.47787763680193;234
85.67821423157422;14.089665832401987;30.472784373341987;235
77.71133156275195;56.80489506006656;95.94931699168819;236
97.3395191248182;29.053074204049288;28.6974764390987;237
22.182515140525794;19.074675886478275;9.869529360695395;238
31.449839684876114;2.1724274465932836;62.47426419191389;239
13.851503825055921;84.2711642422593;76.44084063486955;240
4.199579597913516;12.247016974261992;63.20788385486894;241
61.098229121115764;81.51772549012667;69.15832355224575;242
18.87297148583911;95.8235790534298;69.55505499536343;243
4.93474711383487;15.489830780191971;96.06297169609365;244
78.79648147941583;96.83686599611987;26.407503829322398;245
92.84373338666472;66.854102177078;39.61505357740125;246
16.2098563132249;51.4631260893999;12.15625636347798;247
96.24699747317634;55.85611979837747;32.12832478614461;248
51.7806587521087;88.91478195692615;23.708584340567064;249
6.823998731530978;3.135194394687568;18.542301949159935;250
12.22916312471023;68.08168252670377;37.1960992625154;251
47.89676537424895;36.05910638345095;67.35725724274798;252
58.41460721570052;92.21111689684275;1.955556369653344;253
10.731358399305801;67.83092205232907;33.07052515860912;254
25.82326682887822;87.8478738573434;67.18479397664332;255
84.25839413986132;83.24944362446827;42.234903070461726;256
7.16764499644521;33.910051993630496;18.68635513064987;257
88.61919241966058;38.526259746412414;65.48830518131913;258
63.23046612238811;55.00902837694256;8.969318459371745;259
17.858130010535124;8.660146757409294;28.471140451346322;260
18.640591101647818;30.147264943381646;80.10856687779284;261
40.89324641947576;47.94843880563432;57.21860256169208;262
19.739762198752018;91.42583184042891;48.34210826720798;263
90.31508555610908;13.823703748207016;27.67879977103569;264
22.623748210015325;63.495750553219;95.82037342684086;265
84.20592838954943;83.68894027138077;31.859379072225135;266
38.74778712347921;6.355490797745511;91.51058023043694;267
12.188807665547474;52.46789896295264;38.88902140748306;268
68.59768923814642;65.55588025480233;31.79500851721557;269
79.81496942383774;24.681290833370483;70.5769518504958;270
35.41786306114;92.51218967573814;92.04233086899129;271
28.39463062443346;96.65597560379166;5.140533418866711;272
80.89737869912014;45.13655683457968;52.99769574449178;273
24.740563093573275;9.643144955042693;86.84337797447617;274
42.72464464089612;37.120795595441145;66.46706653033398;275
80.24734662635983;45.115377753962846;81.84780476613834;276
13.048196658451216;40.33725032906976;28.414237651308472;277
12.373904371471667;19.655014748163257;66.29370336786666;278
11.110305913521056;6.859704048400106;81.88573319037752;279
3.5261139620839543;35.347722536537226;6.961697067637163;280
42.167794291500286;57.644271289448334;80.14139133118901;281
53.68760212249454;65.45135140829068;91.29781635561366;282
33.96711221912258;74.16756964289469;57.449301926146305;283
70.4740606669341;79.4539077880734;50.40586576994922;284
35.79113802291951;41.763627765477004;49.13317999138188;285
25.86292720225556;84.13983449911085;92.71284398993656;286
84.77581354479068;78.58337288220837;49.51497454476465;287
44.51845414724692;51.69506622373573;16.58893641149023;288
14.702446723833118;72.45751869600372;57.5394050023508;289
25.80154012888487;12.618580232535503;14.214687303957197;290
19.10258069472972;51.646642475126036;18.328970825709355;291
17.940999316167517;84.80277961477697;70.86502558079391;292
76.65526643782763;13.007884514979262;69.42848508816977;293
68.55439015142348;79.19183722149205;58.72678660181707;294
71.09611383676777;99.97295967309753;21.73456076612361;295
23.429733147109676;27.54871622098992;97.8425556800792;296
70.1282487734169;26.207710031445053;29.611972969193356;297
12.605764260997198;93.33210874104961;83.03168990429768;298
8.32962070263319;21.785971936547497;71.48432140711904;299
85.89127130284511;73.20587481658755;22.572535104893166;300
6.876789979291031;61.936204897811244;22.56000530635731;301
61.94118277629127;46.997387590557295;47.00767049717918;302
97.60981951145831;33.21170113848989;3.814912356636724;303
14.588284537900675;4.665752719379657;8.05375792019316;304
56.42973256593261;54.24991551237566;87.43632763297465;305
67.79633232546912;11.181275831153393;70.34156900207645;306
26.72242544685528;94.55176855543695;56.394647435923986;307
15.901119125567952;61.870430378843075;87.79108879292598;308
86.55292218112103;2.5400904159565307;2.648058228095218;309
49.80008374050817;2.519117804224935;34.442358325225385;310
33.4726305367913;96.80777883103036;30.40581025018032;311
78.39514699747005;3.801644173537533;53.90602949254104;312
23.585601429757673;19.825790178272264;0.7646800758075223;313
57.71891730907862;56.96490832248292;52.223264782815946;314
44.2296888281799;17.957327376636133;82.4526554790349;315
41.289897187486815;56.03547076636676;6.375359941562564;316
20.91788971582349;85.08751040916646;2.2590454818340655;317
59.2298253934597;32.08091186420477;99.32201646880216;318
36.300571768731004;62.586336528927546;94.31664910254712;319
60.246515394784005;94.62437916592361;87.13567187004115;320
80.97719636443153;17.083569562848055;71.75607696451314;321
3.8991967100656;27.925747476063954;34.62479683060099;322
41.5165261466154;99.20643158766751;10.6761979022716;323
5.392620851464624;5.809512490114144;42.97289662555854;324
65.80116066813943;75.88033361063951;69.63457966798255;325
73.73535807717766;86.26754986633765;12.021152972576665;326
34.660073532589166;32.67840812503633;80.69366707224033;327
15.743625720143795;32.610914344462024;55.045146834932424;328
49.83443304429742;25.56754198965211;52.23027175755934;329
94.16434749552789;33.23435370627872;74.30474826329547;330
8.652660277841306;65.14343697451642;30.47986060525938;331
89.90990854472277;46.447946514004215;50.528232204382384;332
37.90443583756363;70.51983598967514;8.336503119200234;333
48.212360840858196;27.986588318133766;69.1859546039525;334
40.23295518728044;32.45394245559075;18.498393320502803;335
77.37631041403316;29.958319731339067;93.08231074017984;336
40.87710430606803;61.47257477909383;77.37364500071672;337
14.896792022847604;74.913433901465;31.12379320892441;338
22.254914274871684;28.42488308285791;36.916383331953554;339
8.120235179950342;58.93414090562844;53.26336327018729;340
19.051409775725013;77.10976056430589;89.72122323329515;341
24.47843934503012;70.31183153578844;71.77476318722961;342
67.59876203277021;93.10602156136004;15.722221625911526;343
69.37403532894977;12.719251800071774;44.32139720605473;344
64.6935104081883;97.35157540726881;71.41012497998625;345
13.822274644983334;36.54835217559679;36.74234650563104;346
10.634592697787593;11.39541753125506;8.702836756822308;347
73.32099545475445;86.6167304655542;25.318770634023334;348
85.882978652207;15.428246881849429;80.55746264093304;349
73.70132258292811;79.04469828317565;95.6101877955498;350
23.894409251760095;70.3124008582405;88.15709356846114;351
61.76160655119561;13.020762471501357;19.441099179533584;352
44.7001432148721;69.67981463424641;95.94135140143726;353
36.227142220171274;26.32275891504302;97.94496376776142;354
14.583844141343505;0.10799282070783622;19.99477146029762;355
6.491696098181943;60.518277934235535;32.311612985189186;356
16.295610621837998;13.740881617529121;5.534124829237397;357
69.46393513793063;28.450783719932062;82.47832774021161;358
95.29084891841515;27.667898187688834;97.47422557849417;359
74.43558740149987;98.4706342689079;69.91944177005284;360
97.08052745705638;17.03339987308756;68.081637864235;361
20.58204835193138;48.67750841705147;22.994642221911686;362
16.227927598667836;58.88513461736107;21.54792537372876;363
69.78498430666312;61.322553897202845;51.50706460291822;364
62.569318107370364;26.82196440781295;84.23274160570917;365
54.143748434080706;69.43380165659157;4.550913227091902;366
85.21718202749499;93.68361861801009;72.93055761473028;367
61.083349319965066;27.214800389744042;2.85537948495318;368
21.42880917482732;93.33948440714548;62.910658102323644;369
75.56400575635321;29.42547922560469;94.03618631825232;370
22.999423689001873;96.36605397595088;20.968731958859678;371
67.59780062079287;64.68620008277078;70.36377099971665;372
47.93190166488605;63.01631518404178;55.83067321404486;373
42.80466347287172;88.54048159157783;21.828909310752486;374
30.78988215051055;90.01442222432668;54.9572207920343;375
16.35919640801339;78.9233367599591;29.436099940513806;376
49.62699474269301;9.94811453991672;39.921734271782924;377
75.10428855087778;3.983517841519335;18.452166389993497;378
64.71148838109836;1.1709613112426576;3.7828478171967217;379
64.9253287224244;71.96123382788775;97.71222245508585;380
10.442962391157906;76.70022065889809;6.971834614614791;381
69.75710991279075;19.823229938630128;62.46584146696941;382
80.39789379868138;61.73301085430133;59.837963987005196;383
17.726274817513243;49.69229172233579;2.984483277536776;384
9.16847024236267;63.703434897721856;77.60012096142688;385
11.571420240619846;61.803314394128485;44.07927422944532;386
65.46432916877352;73.5717640286294;51.2251062846411;387
3.866307258016921;60.75117611188785;5.417971027046287;388
54.714358636338766;28.534186849086375;18.487060838421108;389
57.628853392911005;79.62996019025789;89.08129689472561;390
9.869328854671943;91.32044026211541;84.37043081720937;391
32.353881544278984;17.61960710122892;76.081824021889;392
31.745898296524288;14.301014482013175;4.843187858793518;393
58.21609359172009;85.44250065420957;54.53706719935777;394
94.64309205018041;57.11878120197539;30.060114377048773;395
75.48949215479487;98.84845581404329;76.55623283913762;396
62.337309113194586;42.35606326999656;90.62715313105511;397
58.88751484486333;75.34660240509213;91.08341452273682;398
42.3069127191208;15.457200385772596;23.821744979452042;399
8.073657597643413;47.90226681506194;53.37082272166298;400
46.55661063836348;48.00773464586471;65.33679445598378;401
22.91318226022335;64.56454485333273;5.779255926286009;402
3.723488973398248;13.01536942338437;1.1939662748249424;403
91.40705945889862;33.51735204017815;2.0284846110799504;404
10.609748193252832;87.50276157695004;41.03581665113786;405
80.63614742942704;40.95568524378647;42.250357698625706;406
29.730075267943313;98.85358384483166;84.67469525930386;407
42.64419738430011;36.99874865819722;92.23495179872097;408
20.14065420087724;16.58259713964416;11.93520667826995;409
68.6753269184098;34.49190082628356;28.28165823593546;410
75.51558627161592;87.84092985615442;20.815283816517628;411
21.539876295202344;85.59764869419851;3.8836996803344737;412
80.1192835648268;34.68364888293338;89.10487039673026;413
44.63965821719712;29.693488358057486;86.55393510433768;414
72.08700806022256;1.1198745289336176;47.121322566121094;415
79.13248772957769;15.90723082914951;99.230982818143;416
93.00034561562825;94.99980500417298;19.116326463226365;417
56.298694337753965;45.34047237687098;66.35183633761439;418
78.5404988722327;24.525080154521884;81.06629949586818;419
45.25428807839072;75.7679553243278;74.5312420712689;420
93.14892043128839;57.16290612248221;30.969375226647855;421
1.3379553167901737;73.28580322097179;20.74097877825182;422
89.6167823240705;64.41419870458188;5.229055872656541;423
47.45695047688388;59.8077527189195;42.9326724617569;424
31.333000411557;3.8236925866300675;36.66494777044589;425
40.03747063088492;93.79893890881405;69.68948448640174;426
68.81850923779405;24.076378793895326;80.63682809529074;427
97.30108339959698;65.44040914953958;91.94872646053712;428
10.43658364211324;83.49845089899759;90.39920218550978;429
25.34191369022871;17.811463212689628;79.52790928591256;430
45.36792037095113;2.006636065140255;65.13363151130173;431
57.374802842731235;8.772384522793741;70.18477834786529;432
89.90999104146407;90.67706254104468;18.68043262514322;433
85.22777412029374;47.63055241884665;49.02261397801277;434
89.42188439534203;88.34090860306681;67.70606505824738;435
94.20163770479809;8.303182644530683;67.9069202125857;436
69.41371033157048;29.573590707896525;37.167401431479554;437
80.03271612197904;68.3674581292706;1.4735673491934387;438
17.00165678284068;67.73268874115594;8.89387291093291;439
59.75883828233476;52.49127781646396;26.585623462931352;440
65.05802291128653;8.931876659830673;94.3207953080708;441
84.94392814086554;69.55300846397489;74.34043778848671;442
86.2823656507034;4.966161849163619;89.02854702144242;443
64.17922747137446;85.60963529244842;14.357806756835211;444
42.80452670227623;64.61062369828244;65.43884660977504;445
54.21122182152508;23.203995784481513;28.533245851426557;446
79.45106541013644;7.773228629635531;38.158692551983876;447
76.9338300713269;57.53868865777568;22.69161564274552;448
82.01073151155302;85.37953716949774;32.81846416414454;449
56.50059583749274;23.35432091973717;21.468887237456503;450
64.73725532168181;0.5360980544355076;35.219855003814175;451
8.462964707692755;93.08274307370066;25.959539322173153;452
86.93725377403109;43.5581716825091;25.910814221941358;453
67.74847132172489;48.212966282931156;30.132871733479604;454
58.43223508861328;58.233188424748384;98.6768885310352;455
19.10455227762786;81.82275401077924;84.55004595181911;456
20.166755761920196;3.641479590905139;30.42785276504567;457
1.9903542882937275;65.72188637046133;14.51113403579508;458
57.4273890432902;26.101133696563927;61.99352952054876;459
24.797774242405858;0.8151893477891026;81.48872919489664;460
55.45682885530552;86.9071633218833;48.46464332125143;461
39.109365816000064;44.02782855960756;59.486916068784126;462
8.004231225222558;89.83642272982763;3.9789429402751986;463
68.5573422978359;41.31604005096921;64.12967067078385;464
70.84937226712589;22.61765282456857;53.37210028904856;465
23.980475593112704;37.22950705183132;9.610023357948416;466
96.1256850555431;30.03114614403103;75.2467705662381;467
15.534992415518921;18.768960660805067;33.575766517747354;468
99.66116444411804;42.48334842838734;66.91859816058312;469
4.207164943965491;68.29078541548725;72.86478698900622;470
12.995585590793757;38.061808501525086;26.751377047775115;471
57.140956515121935;52.32628966382282;66.02136553827617;472
86.2106025012185;78.49160010560729;84.23958589449069;473
55.512823401230435;73.01290417936424;80.05684812653277;474
95.49587960358954;99.96282437824539;10.732525227097945;475
76.64532763028365;97.29085140739282;67.82297221333612;476
64.03506411824941;19.10435007635626;26.939943799073973;477
72.22193327495279;98.04382617717451;92.58511167142032;478
90.2568943010664;36.18291727679269;45.09893705817534;479
36.28493747175118;38.907628435297866;47.92457323531776;480
19.9627377348325;4.938977519440502;14.605708890607183;481
72.74082353028682;28.73247999418872;5.337509725434564;482
96.83635707217952;74.31614811787827;12.316750676325505;483
16.853378987182943;91.45269546923062;90.68653396215309;484
89.59794068542463;29.12545990589439;30.340782454013816;485
21.11718546346062;5.347807936482596;1.3630623241974282;486
45.35135464714685;85.53586039507312;34.55873080841384;487
67.45580773491899;10.428596441285142;76.01312924846556;488
68.1299089220391;28.108060172162443;34.45115858402525;489
0.5502810996040886;2.6148836062400593;27.627009193968554;490
28.552837532780483;21.561864306425182;12.423109405339694;491
67.21643134862938;90.18276645601823;45.272859576452895;492
73.77400748013771;80.7511557262425;70.83102650186885;493
86.14435321474593;21.323972119929046;1.78083262369777;494
92.34386009244513;29.67184179122615;93.64935483956857;495
59.39823898829775;73.37440165571242;32.469929566893455;496
2.445315835564865;82.896327106604;48.08559172916284;497
28.909091217755922;11.130429480855176;24.912485901779004;498
47.82758190865775;7.0883803672733725;94.37351663663432;499
29.325444552020898;47.263779279700216;62.27555467376725;500
56.04512823278567;75.42946603633011;18.396800932781566;501
63.05062127404724;21.960887377288884;26.542121260404016;502
69.73122873748314;87.37948872165;22.143502183032517;503
61.0302739735838;24.348273079106797;82.22441096259402;504
30.607875480785484;48.7294967562635;39.353688289542866;505
48.98824266384789;59.28435386710039;10.34570540092995;506
50.28969208141273;96.29834935090147;47.7446098826107;507
25.164198545613957;67.58823238856253;38.43982496687707;508
87.54422318242516;1.5918735214194069;77.71947028684927;509
26.281318749777625;74.09210183149715;32.36747951927212;510
50.1093678514712;53.16176258705152;32.157824281222624;511
11.864768735507258;31.199683950996683;80.47160743989406;512
37.56417545617536;54.70615635781038;46.254888954874815;513
80.08562482275444;31.205959647435545;76.50410631877483;514
24.117882112129287;6.198133718004605;13.173096433188148;515
59.24829700487108;96.47935622072183;50.41380667437871;516
5.6693452421861075;96.07555077149723;48.79003774207925;517
46.403682486833645;25.532237046505813;52.623255461981245;518
63.84829456000607;78.99704126658135;6.794921765746375;519
16.518180960653684;84.955277841269;92.0141549137006;520
37.20988583905098;86.30836346482545;99.3257712343893;521
17.499251459869825;84.10780364925327;33.46592750484964;522
12.257341722044835;75.60852142482065;44.58743751461148;523
87.3425950266832;94.7006463767226;55.890094580905384;524
91.29395153478167;17.086247770262307;5.752836003215078;525
68.70917761336476;15.089366959787187;10.713006076616892;526
32.141779259277605;94.2960621638744;84.55755031116642;527
77.7086714723387;21.413111514384596;30.43722055537934;528
48.24137607120672;10.728436089377313;26.360822828700424;529
4.301960764131829;55.42095305311827;1.780481972029091;530
1.8180597132767096;39.119225317661176;27.935837919052066;531
70.64562554236551;17.250005736355213;97.969975674319;532
65.28961584536454;69.5960873261568;71.9047668164694;533
51.86448381723686;68.23795389926389;78.4064539096265;534
89.68067109101068;93.94806508967179;70.09999477937143;535
90.37426638043101;45.827113356890294;13.812317162478005;536
19.64600382663474;57.57873000827865;45.81888497970403;537
1.0583274268978649;7.345066208338835;23.16288805890283;538
88.74387196674755;22.711458610135736;69.99187917466588;539
70.61591358438852;97.01478672936585;86.07981898278122;540
79.07933580646413;40.61819088268669;22.784434246384787;541
65.01972355810992;95.23978691619315;19.143480719604312;542
96.48401746614836;57.07359291922345;49.54506101262881;543
25.413819841047125;50.54412817985049;16.7289954189066;544
92.69443031707523;66.07122339302732;51.48847855207396;545
70.29764860386064;60.47283624206774;19.524627607818935;546
87.6415210386568;38.061814533880124;61.75889187808834;547
15.026783664737287;71.41977344670164;9.722010942523806;548
64.4564111659927;70.39517361266314;85.60555261216015;549
8.701963310610028;74.73112424479434;99.98706251462481;550
11.562584113909214;59.11559627225714;65.86061406640071;551
70.44138442805969;54.865935877621816;12.307438650944247;552
7.517618508818103;13.060396242468409;57.675017047260766;553
65.72196100855618;6.52045373096708;97.48777498620689;554
84.06592852288985;13.122694992243067;99.40598979211718;555
82.94714332828555;7.269534049998782;37.72850304448787;556
15.867284666820225;80.6912194975788;39.448045626548634;557
58.27834184023444;52.17103277755285;25.171088209102244;558
12.821220803651812;88.77052415126904;78.47976048347351;559
88.40936701304048;53.04679417977049;5.7063199413973305;560
33.95449510519508;57.815987827424955;93.05729630217755;561
70.01974439194143;36.18060146062043;90.48726552399823;562
99.12094010628437;67.04206555370303;27.48592346755573;563
32.57008271428058;8.83544152594633;56.24286277341469;564
19.64902300470491;29.87911788349522;98.78689346584203;565
30.819890127063854;76.78968997299874;83.23853170658566;566
80.51932974380952;6.1934073536737415;99.31978343755272;567
32.82955648088027;16.77221483346486;97.86755388306688;568
39.77922044123642;42.99321452057453;44.10799928741439;569
97.40111211542346;85.31092723949676;41.103398620445255;570
81.84082757666543;65.96831025435708;68.72578850455473;571
89.9501199329635;99.82067555972698;17.929618363663657;572
67.54791807358937;23.61893097804584;50.73204093427756;573
24.379674422898955;84.0210771361342;38.30479252583012;574
50.7763430160292;12.387397903689212;46.39932022903409;575
19.211972287911617;85.35295843662067;44.558584022024064;576
14.270390733331851;56.68129468264971;55.61289235731562;577
21.11711516649011;27.758050927231494;41.75581692170086;578
76.20014412936008;88.05979923723798;13.748649129163281;579
25.80885477071695;51.178254594420345;82.11806583968021;580
8.006046665746014;3.975783609578254;44.72882366056611;581
50.63004455498302;92.69014430953332;73.15955925441813;582
79.17210604073676;91.14971648895914;95.9448407766429;583
27.096421398860183;70.18819309296248;79.81150076810334;584
29.150590259529995;36.520414627824806;92.57206312349606;585
58.144181310645884;31.248423161668338;90.87779031920252;586
7.2005291878359134;69.62441630848161;74.33830116149024;587
70.7901408762628;27.107640843426097;55.12289555799408;588
60.61130910537379;33.304325852590345;92.17901381204105;589
34.56793519240311;87.46011386152799;93.76563820868132;590
26.535798364089956;27.427377422056253;21.026011051880577;591
73.51095167324347;96.11360785328806;32.22331875641308;592
5.651186444473266;96.99309885258826;41.345650337358464;593
39.78051692287469;14.765465734033478;30.32151049131626;594
28.290722282666692;64.35790398304194;71.812623154958;595
69.78360423808275;39.19333193592372;12.075758969577299;596
20.75338065719835;21.498447844170087;81.39310843458112;597
29.840924896888687;24.67640166670818;32.31101864423833;598
57.84250076127769;16.6833875625496;83.46493665291742;599
40.98569671872889;73.92551437019644;47.050687748406474;600
62.74381731402362;93.81300248426132;84.92643509324395;601
41.299966493216985;74.9515663940896;5.199735576740361;602
81.08533644180163;87.43157244810776;36.90171008333996;603
17.11885684066675;96.55960635420664;52.11042771869111;604
38.866362517801804;30.15596545547329;72.32746378861398;605
12.774669699278075;18.270670451291082;51.17125381314911;606
48.06199985409222;93.07648674693114;59.641748060119106;607
97.4884348386544;90.69714632817778;69.86143685797276;608
71.38019428468648;56.28719031751213;94.65441244999391;609
58.28612794258105;20.466779747938922;68.52280756172325;610
29.63954826133722;89.19981998439891;40.446372303527454;611
92.98985167002364;37.98217940269867;86.41967889128577;612
18.775281178126026;4.754667644266752;11.044552625169368;613
60.60062889391301;44.63130630810355;64.60736734991582;614
79.93083775939805;95.62743749807524;81.29135605583649;615
84.69474522299008;98.39144364938471;82.98682323347207;616
75.63749905810644;79.0798430773505;18.335617941911874;617
8.036432363604773;19.834058809127264;20.15542768219897;618
11.69941103871489;54.25151570815559;71.3353058459819;619
23.086416757235163;14.461288353163248;83.66933602028632;620
79.31539674040683;66.42053724702075;9.087284354031855;621
39.350330415211374;52.56979195392838;62.854123725287394;622
87.77526589950546;6.634007821804399;19.083402163196837;623
97.89445618329083;0.3596105479367395;63.647944375366386;624
89.86311240629678;27.73986591139722;46.95488280083355;625
28.096682637031765;2.9718660762680815;76.18333992700182;626
70.57230620428247;36.16858198366559;82.52185197867298;627
85.88748066061771;66.535307868797;13.638647668129334;628
14.027555607263388;84.60114335777837;39.18121300224083;629
71.68306819865502;77.29400858017341;63.30366807825358;630
6.496140908226044;21.28937073194327;30.56455343024456;631
1.8483049750223857;50.800240801280026;7.91144043919727;632
58.31409645633301;86.5462249434116;65.14585605213414;633
6.833222523846905;84.13626326003369;10.59561926409166;634
84.58980362830908;86.3329572249293;69.59935958763435;635
8.390463706675211;1.9962738574314853;2.01725958423139;636
92.2666751298139;53.53907232879145;73.68082720274973;637
73.54437889789982;85.78512132588885;53.22943127677482;638
73.89830997697086;58.402570133049124;70.5674061984918;639
36.006453681224734;97.51856056555569;84.83288609453105;640
14.822483244894812;11.177827492676485;85.01564786394708;641
44.356647675012994;34.13939500539501;23.475079917404095;642
58.28482004447898;33.95382466869267;39.926179410312855;643
18.03732738796039;42.81467693973645;31.84700091414078;644
94.77690270506115;56.449012803382715;22.731362088480957;645
71.4051482078877;81.83635615535229;18.555620902280722;646
55.90618329624959;50.398687832266766;12.616557723815525;647
45.75184124946852;46.87616362030565;75.89402784710528;648
78.93904945299805;31.146194278312823;19.862117315028716;649
46.35985806790631;56.66989066475151;54.69938630572525;650
3.657921063788372;46.70596892628479;51.05656418642255;651
19.263977543213763;61.548226327174746;14.83334944282767;652
73.53236673978671;77.96353735601345;8.704253253052208;653
40.41937037767721;21.760421888041815;97.12260784109615;654
89.70002184652294;26.96443238934546;93.6076385496703;655
70.22443396846558;72.3891842141736;15.725680698103861;656
80.33970969531535;33.163465032321696;50.194136575473;657
52.09982099673982;65.15273657025276;44.09337844893804;658
61.555700122554946;8.391492819905078;47.521532936930086;659
0.6757574255005228;54.9078920479032;48.87917074496681;660
14.989603043647026;48.384275640262175;77.44895524674878;661
17.102878289501966;79.7856350768941;66.59818206661237;662
17.499253206269184;74.25029390858913;50.19548281143565;663
39.06788486343758;38.986587854532736;66.58850127506443;664
93.99489800086211;49.10778092832169;20.465829632981013;665
39.80470991130063;59.11393489029566;54.43881555576768;666
45.21236611580379;21.87817619314917;52.286013238438414;667
2.8057031461391713;57.898566304318564;75.60335665822784;668
70.9762354301831;42.34846189191474;92.79905038649412;669
21.190165405861883;84.70604430050253;67.53542739630863;670
0.5336744760548795;54.00533391634351;81.32570468886168;671
38.871394667960146;83.90137421529069;92.20224165598043;672
6.338288129010683;23.29462307367042;93.53648047420691;673
12.924593392314454;97.60968798255495;62.24574205756891;674
68.05186970217927;29.42774444650681;83.11742296146056;675
86.82368973134803;43.99679961153223;0.004221950310978606;676
13.509144820363161;63.155858378523654;33.25781686879584;677
13.207978243642128;47.300352823185676;45.45062839704022;678
95.82667534358343;73.18175458913824;50.99465087186131;679
74.38335644220857;79.06034369933623;83.34754098016414;680
79.17886455039724;30.569711363874497;21.808058887959415;681
92.89976801261105;74.76782140508223;39.123080217580664;682
17.847517177721784;52.04643796575949;87.86054353017275;683
25.50556771084016;69.14741186712523;37.520659098381536;684
14.570071431037302;39.53591397785894;0.10992517792189904;685
72.07941697999433;45.75670838130886;26.57848755029384;686
23.536959171960692;11.495864075581652;39.33236902369792;687
64.37912767485999;12.173614826342483;62.290259193648865;688
82.27440639628236;44.684363028286434;58.212123291129146;689
68.6312773181923;31.135676031437587;28.42597450013795;690
10.996596445503249;3.7633513065347124;0.9725587547081305;691
45.51801036007487;78.25617593469082;94.85579845292106;692
98.3213961677636;79.66508496584353;2.453417661174062;693
91.25617751040528;3.8087063269734767;2.0992350866440357;694
37.584384082457255;1.5619712195522273;9.274345921321226;695
63.97730721033754;49.86575006959566;61.3080693525476;696
56.020713701370994;36.601355941242005;1.7513838368180212;697
29.21019972160733;51.676548943946784;99.3372635084551;698
87.50488142375653;0.5742638494101615;91.66481641510946;699
26.067184448625635;25.21612241429788;62.22081107267855;700
34.3994360867199;52.277506263618214;14.670958561560177;701
77.83504409090305;24.107636758804208;11.725601026595733;702
87.19972299224737;68.47699314949881;18.629588396041452;703
75.62023539836925;84.9008514583624;24.63477926331541;704
55.20173320989381;71.33405222821465;66.77868718124586;705
63.845382816306994;52.028390647309955;36.821389846936015;706
4.966291279115742;73.74088555458029;36.23878910909855;707
46.470613172509914;53.73543705731758;4.029349479893618;708
69.51971822658902;58.619415693750334;83.75913888194553;709
36.00724938885927;97.06572599764287;39.59995647819887;710
23.699232944922745;17.3042004047537;98.69250324413663;711
33.896094607677604;92.32789302558653;40.38659750772632;712
48.954271307079;27.472882319659686;97.88383161917459;713
31.603443729296345;23.879749589962106;14.439300130422094;714
0.18312408615609455;94.22221844343329;55.03792431641878;715
83.5146553504414;93.06132142095566;64.76681587850818;716
93.35207527816422;14.737569899121638;20.27915016164732;717
18.884979834328696;89.90458119379689;35.791147288389105;718
68.6886522099716;39.94093060399141;94.75961891539626;719
75.85179857202861;72.89634370384938;13.472062394137884;720
27.41296364767892;43.13782623777575;99.40052587872702;721
55.29982042847479;32.40121796126688;85.06062900482961;722
60.88385711570671;57.11376665774832;76.84962909934482;723
81.15051308651013;45.1867701798903;86.75675460744239;724
46.078103869784655;64.16423503237952;78.91850659739129;725
57.39746291259059;84.31873258889766;30.237058702616682;726
85.61324412318314;47.620927136592094;44.98187733867255;727
52.267693895648314;27.059062487517117;27.88146971344626;728
19.761689728927923;53.24559665455936;55.499280629283845;729
22.57044337623828;74.72469290106497;67.12590000137547;730
24.209648732174415;47.4966591092395;40.246761558589284;731
74.0755968687193;4.854060174151198;5.554380701409856;732
76.39390750501417;55.77529066379461;24.48620992867162;733
58.28108980536001;15.04705941152038;83.55661061019295;734
58.261416062066004;51.268203279865254;65.83086492047276;735
1.691117318049129;73.63319599842178;88.6943698603743;736
75.8412677534589;99.87809411078456;83.0867413174538;737
38.99307783383126;7.879056907252291;33.15132385218128;738
23.31023725754966;0.733139322023113;40.92343926623467;739
50.577192120182076;69.51616683498585;36.5257868122268;740
89.19061608506877;78.47929377043596;40.1986431058335;741
49.89333596659205;83.551923981808;81.0341937867171;742
36.414264897608696;50.84123248422079;62.2091920639748;743
45.628166112672076;56.66834514258545;61.54933787622521;744
62.222938133724206;91.3095704996471;14.282692531355256;745
14.561438040046538;10.823737554285874;64.37693265648797;746
4.764359387223827;82.29009618746029;71.5710839525154;747
42.930668212036615;67.0554232440591;66.02119259704867;748
69.83008305223099;37.12730169058622;67.16611840136282;749
64.26795138117917;42.64199297259884;0.76440192146906;750
3.317122887437407;12.403891240369248;99.57293179271105;751
70.33443744894487;6.207201788173977;17.281879467892402;752
78.18846404091917;31.19365235062459;14.193629800321194;753
33.41986065361918;35.936344158608236;1.48771258633138;754
72.81055970476235;78.45438032843364;96.44014442180404;755
82.28386633381041;9.523029527197124;72.32763314210351;756
18.496320283232492;82.40093285789426;77.70304359704039;757
94.39848782262061;38.71240891397109;48.422475576874525;758
69.67485556561587;19.800527373066036;23.488333355617307;759
31.802345832211532;26.41931486956448;83.51284929205936;760
21.293738524677273;4.761321302539001;31.035878302601137;761
45.710175865432;33.19747791166536;33.62602109871526;762
7.8193565157283595;0.5058213701987335;64.08016804142613;763
43.26821057611397;37.32224570189848;69.70169185236479;764
74.68688746723214;80.66982761055837;32.7874813414302;765
41.40314834118314;4.163625345923361;25.85382419802178;766
79.82686004325069;87.21095515483279;25.70895367022228;767
71.68427878386427;96.27154059188786;26.380551562025843;768
29.082042953829912;49.761716191250585;1.1128520094234928;769
35.2546861954448;98.95189217803491;57.34034035247465;770
38.18526551543471;77.77250961964167;24.205097551239195;771
37.11778516203786;4.176976449311665;94.82565150762838;772
62.511198802337674;85.00597406877755;12.4250923429835;773
39.86731706035993;88.75447426721531;46.25064089345848;774
10.6635225133331;96.29196064958036;25.07917776663713;775
84.39239378831412;95.46555902698229;61.54678207928564;776
62.10785791712128;56.325988160366826;83.05373178189193;777
84.46618748715292;8.499998636222362;74.78512510486055;778
94.05586760126458;62.54636918831189;52.17181972608701;779
68.84665889119344;44.323313364431925;95.93246410004225;780
27.45204668229548;63.05988594554767;79.57596742418657;781
17.93919282409534;78.504856918423;43.998515049433415;782
98.94265536307695;49.44035949433289;8.411215827453445;783
21.095736517554386;17.15139211513432;39.84569263113145;784
80.57619728574363;66.35687886075569;9.196841764218389;785
87.29977223812114;16.37711412627827;14.304927067449846;786
60.641294445212566;16.151348849309333;15.250343872117645;787
35.92550605828988;13.482581238693104;95.77323728724488;788
62.36265834801441;8.282194749482485;33.15853228527935;789
90.43610200046042;56.99457767186258;62.643277157925084;790
89.90367565560074;63.481116137234686;75.05724509618199;791
26.070315096060593;91.87743829238948;7.924061279942462;792
51.6029619553833;6.912549057530526;19.919447458036267;793
3.7884868324868815;17.116510982354338;49.26186063053707;794
91.40014965682643;40.13904358141448;21.08160331389334;795
90.20743746004835;34.83087589154855;28.258135431239882;796
43.06963484264562;7.453978857293886;64.13475790419785;797
79.16243095089617;60.10301363281771;58.16140491672319;798
20.19425564381191;15.189286434468741;88.50954469269476;799
16.572726148866046;61.993833694149295;42.69957672208599;800
68.93645587037516;48.23023812290902;99.49599153501244;801
36.27819834154329;24.140612793694306;94.5762672222983;802
64.32511309956745;43.36098476809261;20.550317151216834;803
95.39220579756851;30.600826020517758;74.0681309840739;804
46.30731313476818;34.46055192975209;84.7760520946595;805
67.21606070466639;16.454873761199927;80.84001082722139;806
97.90341737574803;83.1753727883595;70.12970104697843;807
80.61400510870114;9.674596788209122;66.87539754710907;808
57.23938737256482;69.46318891284773;4.14157156008037;809
96.51188174605161;71.31159598649496;16.344154714849747;810
19.038568345854536;60.35816865842496;36.85923908689324;811
47.065706110563966;94.3922062707513;0.17776221183175567;812
20.560269548713862;22.595435258133467;25.555151222133954;813
30.039475375396542;54.544949974378376;74.50801735454648;814
19.02471431347845;13.765679080122817;97.01814485936235;815
6.262962814437634;15.50221245483172;47.2526304568441;816
72.6786846550397;84.53904123777453;91.54187047741229;817
27.584290350372253;39.58046464460566;60.48618334658041;818
5.620263614812837;42.12027738094795;13.573332497684342;819
31.689936618216908;63.68859839947688;44.407185178314194;820
5.000822911644754;35.61303025257162;45.91887826852407;821
98.11737328941805;19.764638082400886;32.08435577399214;822
76.78398423479132;85.17049494088688;69.33452063930432;823
77.26946164215363;58.427652037972344;70.90186428695336;824
61.98682980144905;48.87966095337454;92.11481817096805;825
48.7207137865308;20.912443255066037;70.95768173781643;826
68.61950663554055;63.842428743142946;72.72195609686014;827
93.2867046101828;15.292257580812397;38.42120595053628;828
73.78603010611313;51.64314373782399;73.48906532852753;829
67.3646611142802;91.31968500834888;3.458045961508882;830
23.085508975110425;3.0230860586478614;29.795781108067832;831
27.565688246683607;44.596175736839925;62.541119425508185;832
61.74233843270082;76.5947956310551;93.34786238757069;833
75.82987489166638;22.099052409478247;86.91258219822899;834
69.80134685377234;59.319457284458366;66.4521192116496;835
23.108435685321638;49.09518784714724;35.898284164769514;836
12.24243160885743;19.86331107686301;26.854444889293593;837
90.52646383847784;57.43434344002915;52.848863495544016;838
88.31065483260554;67.60960709217622;59.263949496164436;839
79.93392354050619;31.80720388436413;95.80911668034531;840
88.4711109679427;65.02158229759975;67.12199387471529;841
20.055509300267094;40.488012681313556;62.20511472052412;842
45.45822111134712;97.29625696760836;65.29866310520985;843
94.32537588790248;44.301233602200774;40.465983290044235;844
25.62083059058251;28.312465743502813;26.34162988257087;845
61.99730959540876;81.04608963396697;60.60687213002585;846
27.76204446616464;93.01947249590621;68.78462384030946;847
45.00162498287642;21.160920563804307;97.08110088842716;848
8.75170543710676;12.324571061657396;3.7628602544532375;849
78.78169083899185;65.92461463319125;90.26899645636827;850
60.76945334215749;92.57446290203771;17.036655256168455;851
49.82414166471838;86.24007597687307;57.594587429508394;852
33.735247662131606;92.6087752516965;4.688615717031819;853
30.611490445160495;87.53971536694331;19.832518447655467;854
79.7008253294484;93.93438266340637;25.448736443185982;855
69.048179763244;15.37973603177958;67.86274104915984;856
46.401536892675125;27.035397920865467;51.67058383152489;857
16.2525462310243;92.41990520958866;98.15985080405078;858
25.865473538938378;83.1290406868463;44.36293035112927;859
64.88978766863958;31.589144207973796;56.2609339140284;860
52.50153921760556;54.9188018300659;35.17071297066923;861
30.159103716899427;34.091386644485844;32.36531230707176;862
76.18766758390973;77.57778721943818;33.142748175968386;863
95.94420458321991;30.042598523078556;36.966843970614185;864
46.766827427732615;78.1672623266719;13.629317385714245;865
4.944403483198901;80.56592554116487;45.71298098935469;866
31.70319874823656;1.7506318023340572;66.66283716302749;867
17.659577725560982;87.58042230747279;54.22383549840099;868
77.55135441599302;96.08252683708467;81.48777316590791;869
14.20917557237712;17.141241148686582;53.33117080675404;870
50.854670616977046;71.53044194958619;83.32657039545404;871
18.692568788217944;32.209427247100265;66.04067628502655;872
81.75603953877982;6.631382407656949;62.66663723717958;873
92.32101357846196;29.775377189014705;58.44945666949929;874
49.56316707019738;97.61787499990258;79.11538971487775;875
43.91164382673616;92.39796332766032;33.31328944100272;876
81.7365309378353;59.58825481395644;57.55675496736803;877
35.75276416783461;97.20465427757146;22.05471134138064;878
99.23948964202289;15.264454544631057;48.95354847765382;879
52.58992507257422;58.830629314089165;23.386949505574496;880
76.893134437853;23.18639840527744;79.41703064201583;881
9.12334965885455;90.95357942630629;10.496982941982512;882
6.693368893180862;75.94995447902076;87.70220741533743;883
24.306045214980752;99.26344434665873;22.90166430507956;884
56.942102420702945;86.22195244532101;59.862458670626836;885
10.323719107555862;50.269072924286206;74.15139564133129;886
2.8825997477809673;49.84077792482654;71.75518899485031;887
47.89721842550588;67.647916850059;27.68907502071959;888
91.00425092279205;99.31978671275134;98.09488482114993;889
67.26438791131737;24.574675538952118;73.22024706725482;890
39.44578809424244;8.634925176378616;57.77220940942873;891
74.03828521765571;18.468653353395226;60.380615540456276;892
8.06000155408978;84.55068345895248;34.612344594528366;893
5.756733725902818;62.098886446701684;27.751710771178484;894
1.5194368892242238;73.09408714921618;6.729752091568287;895
86.95674636436613;24.341225725391958;6.485171313602189;896
25.89391913960718;46.10801346326867;77.55428789923229;897
7.3497716843001655;53.559411742065286;43.933796471518846;898
30.723825948221094;45.06452044202016;73.15933878356051;899
22.804554767606643;19.227075960904262;35.81608562594003;900
55.036918379232944;24.94396168976587;89.24996492529377;901
15.402485717673176;43.002440058961334;23.172034276887032;902
6.146296440002208;14.233695603358399;49.093182872186034;903
98.59560876173474;69.03364880447425;49.967572915399025;904
28.07234313647561;34.436509913701194;68.64290521697085;905
74.51626878561576;86.57841051219906;5.813392732272826;906
78.01569941899837;68.25754836366002;31.48566840884195;907
80.30448480036054;94.37086241411924;58.776391362653754;908
0.482532011727832;40.93346819977247;2.9077510619705316;909
69.52819728107184;43.4829340071701;15.425482513510625;910
22.54752167605115;20.92458366199993;28.075414835327972;911
85.22839900767386;62.3993696382799;86.41321880990078;912
70.42951958898206;30.7923105405986;13.001079938709214;913
18.763007460231375;11.7650987905067;86.1357325521246;914
13.41917992830497;81.92206854739466;83.61550602456921;915
23.28786576809311;69.54819857700691;85.91672836044883;916
58.376667429144234;19.590735287600193;51.98681274220106;917
19.51756907732739;49.532794558379464;19.735046517737754;918
74.3192602999361;73.88527861741136;30.53471698285597;919
57.0101561300416;42.55553458873847;71.19652974019523;920
20.075523115633832;10.69645887892483;36.25735183627228;921
6.426651343321588;50.49697644208776;89.86933854010974;922
64.41268418249105;76.60996082511797;6.112433450842147;923
18.92460616531363;13.252692729124627;0.48460419684343004;924
5.367430857362088;65.06110256513087;41.09022964726873;925
74.34374002309623;83.63334097177085;98.36118988844802;926
62.22223500470718;37.92425598193161;11.10026547634584;927
23.70709799119123;53.90391065686813;64.68620667481491;928
4.7944541240052985;57.03284855962233;41.44975782605509;929
22.23242471566117;54.877508824009794;9.254292933866214;930
9.63695152486358;80.2614647291461;45.81549689120836;931
32.525241702933684;56.468195045712065;37.17818432402079;932
39.30794520436706;36.86320961234614;61.91350231402697;933
34.99792567311203;49.032971890318436;41.614139717521795;934
74.48005734509083;30.21806413500059;19.948714785718668;935
78.42807885143691;17.036562712635206;85.36897708720967;936
31.751474345236375;23.54605881681663;81.07125175535803;937
19.76257802880704;68.85524795311355;32.120874419096545;938
23.41614012902331;67.03127017593134;21.450562615175762;939
80.0839517540631;77.57981505048745;72.85811286901203;940
7.538153913411505;88.21485067211002;14.44634447260189;941
79.84918069246693;28.262887995721098;65.25033495631347;942
10.278060198378869;60.627525133863436;42.57268500097631;943
16.772644449849537;18.3268682350877;81.46786536504969;944
36.16261109666773;32.6069932459681;44.62592199253756;945
68.83846678807406;38.71189118868246;57.24091572189292;946
18.619977902764607;14.522821764516369;29.77795385821006;947
18.013166497585352;5.789928010607747;53.060568860725496;948
42.285892626226875;52.95417123793206;54.255915451514014;949
70.07458286061556;59.514031307402924;61.63308497309852;950
11.96544669657722;5.911447928792024;21.325451517931025;951
48.70076076329539;42.02387364925727;6.636747634434014;952
4.7814241639236865;11.411360094834322;26.04873946262255;953
26.241968348916668;3.77519242696569;39.012904599641416;954
91.91623084352433;18.470160520277112;1.4044061241246464;955
19.405758380471916;62.226256925394;66.93919854272218;956
50.78731094675886;6.420821872912241;26.767249650404278;957
86.64459397384977;0.12163670198965804;61.940567931709154;958
89.85486801446486;84.97208755150969;0.8715752310841651;959
93.24225140939922;5.219844173038957;9.4613443639881;960
46.83197163503795;97.53090723297268;31.294788892691383;961
49.38158444478725;79.09803035183506;97.85314369448841;962
81.26851189382003;72.97620215365708;62.00369380050167;963
96.32673514458052;67.19107144338817;84.67279374935723;964
90.3589446409187;89.75405073739535;93.32818404014708;965
40.33275623014049;39.00984928455262;87.56114103309002;966
91.68446042056131;90.73148677030107;45.58134856657211;967
36.96377325720713;73.97115632235959;38.62036696793647;968
61.422223109811554;53.50882329301674;1.9970706121232529;969
3.4443393895550956;83.65168805763703;44.580253949091095;970
98.03273728825654;97.49473658525375;56.86171451248639;971
57.09764984366432;13.38253064699131;86.4759259802086;972
96.60082489869988;89.69859924633379;24.454633059133123;973
63.39765534340347;60.225271330914474;69.52720186750389;974
60.45440064948784;66.0779196001507;60.624754569939654;975
20.41865785854474;88.38533722086629;55.28133967642725;976
54.80743033849652;41.602210583700206;28.167011885005;977
65.45705659639621;5.162738652781796;53.9122760037437;978
64.05317192958039;3.3515062892853997;20.34802367625509;979
44.95582937316209;0.8438590262145662;11.709409090659284;980
82.88817532029312;91.54581641614726;84.80332497485156;981
20.220148689183947;55.49481875024023;11.972632011512463;982
43.60824961550147;31.43197888112388;86.90421075753498;983
0.30710428474698404;28.11365243797519;67.01025950215629;984
3.1464034174295885;34.270939794633236;48.794044897045076;985
86.50799747314258;13.530197862212468;88.36681876370253;986
56.599518423296914;29.123727856388758;73.92286967131555;987
59.787964825009624;33.33772194374416;19.105054475551174;988
68.79395391147301;0.6458754621820884;30.343478400626545;989
55.12219897126447;65.10473904738218;55.61225669542712;990
86.70041247103221;18.945906072033324;51.979253840119014;991
91.02096830272436;0.8175033659846842;62.069266885794015;992
35.59913733560678;92.38566465531952;66.61013857974548;993
74.4431551322046;12.840578587849528;17.057467760439692;994
77.2629514063947;91.5517270716795;40.74481592949131;995
31.372074770053892;90.27021042320736;91.69371966333496;996
76.70103794161906;34.5133361854477;22.899266402573048;997
88.30309746868001;78.45686050893079;14.93386759787474;998
1.0006646051609391;45.40580095283614;16.85282184013539;999
